1037427597662199808
1037306735575420928
1036730681395564544
1036516790313078784
1036467955125501952
1036246267339259904
1036215069472903168
1035953972463501312
1035763294332571649
1034652292421582848
1034719805377597441
1034466705995644929
1034426186636570624
1034382763594473472
1033593570005938176
1033409390554931200
1032908539667341312
1032282340150661120
1031999071135752192
1031505442806091778
1031268301819789313
1030203583747248129
1031000044542021632
1030605359918899200
1030606417428971520
1030270242373742592
1030198460589518848
1029436372057243649
1029738382673498112
1029532419706081281
1029073433970266113
1028616134025719809
1028337202097340416
1027857088632909824
1027616501027799040
1027230124335357953
1026962011433758720
1026774827615637508
1026671765941100544
1026581178839588869
1026434638921785350
1026148128716541952
1026007922856185856
1025350550739722241
1025151095071539200
1025027942601170944
1024991910048481280
1024906180278280192
1024835791569047552
1024826060997898240
1024817364485988352
1024165337342783489
1024004758166745088
1009060337553793025
1023535858920509442
1022840169362161665
1022763518062469121
1022615094222626817
1022474757709725696
1022120831982477315
1021759639589797894
1021666835840880640
1021705202569818112
1021016147649617920
1021147681903775747
1019722544180596741
1020380752188526594
1019714388054355970
1019283276949872641
1019254509032431617
1018965510787084289
1018832936127422464
1016675601728536577
1018296570775732224
1017017037267394560
1016702240164274178
1016290358337028096
1016143764451016705
1015945441605832706
1014488540384845829
1015571732147724289
1015511366981976064
1015342561324609541
1014897989268180992
1014791860768800769
1014032419438104580
1013693550465146881
1013477332668047360
1012877397522337793
1011758445706579974
1011364758447120384
1010926802662055936
1010891055535935488
1010562145929629696
1010627229217370112
1010534054771462150
1010539244304195585
1010326945303879680
1009682574111748096
1010017238177312769
1009831558906241024
1009761724461912065
1009233042492346373
1007736888646619137
1007290673018687488
1006840632147677184
1006693450274594816
1006124712429281280
1005766836250652672
1005512037043060736
998924456662880256
1003995943316975616
1003350617853702145
1002337680607318017
1002420801134620672
1002256332299399168
1002208885900496896
1002201131110432768
1001969034433388545
1001608520754782208
1001133623460888576
1000791755422347265
1000210694757695488
1000161458649477120
999732568248336386
999721327073415169
999565288159899649
998968805773725696
998569880436789255
998894271364296710
998527348759760896
997240386212040706
997055950157701120
996907773911752704
996465955877376001
996193948933632001
995836110986252288
992762645185953792
995419994392612865
995050389971095552
994642259067965440
994597451096035328
994012801902395392
993934890499493888
993372837099528193
993251903709548544
993126893846126592
992952334715097089
992418414990974977
991594937987645441
990926087134875649
990648235445268480
989998117255704576
989951565942276096
989948243646787585
989445062881820673
974759790491582464
989210740329451521
988236187637776384
988041605008580608
988042340563603456
987921884078624768
987511603846303744
987325299200274432
986953778325794816
986611893736525825
986302019442012160
986070870996193281
986288985797312512
986008023503060992
985889728397377536
985889565733982214
985584362723971072
985367147856703489
984693676730269697
984484918074990593
984427673907843073
984295451057848320
984091453109481477
983818731460710400
983374177452331010
983373487522787331
983197487312683009
982737624275214336
982222371640627201
981641590744764416
982255353898217474
982121732948422657
982076838297194496
982070624024780800
982036984418873346
981932845798174720
981931160346427392
981888786861830145
981616070317477889
980660816109162496
979990016645529600
979770887598694402
979331299256172554
979185064679497734
979063500562747392
978882866586308608
978701966456082433
978675775212851205
978321466281279488
976607130718556161
977600304194752512
975956869217832960
974322594219528193
974318077851652096
974259928754999296
973973735811186690
973618094932455426
973609516452536321
973040103663722496
972671745416224768
972285926398418945
971866242222116864
971904104623689728
971647790811107328
971566088059281413
971419330444517376
971295605535444993
971229190333792257
970900991079075841
970637705993482240
970661015900868608
970299629781864448
969997172748976128
967401775153197056
968762260905750528
968043431317696512
967731066181124096
967546874579312646
967084806726127616
967087778512093184
967073140638613504
962901867457003521
966086909545107456
965801774228615168
965474811341410304
965276064460152832
964991223189536768
963558728191549440
962794677694025728
962764988631920640
961486426310397952
961585517245747200
961332405721321483
961250897400561670
961249980286676992
961230648932478978
960721841114492928
960604051477028864
960525115963289601
960492260629590017
959859137269116929
959354574422372352
959083425172021251
958737270030221312
958972459621015553
958705697885249536
958522987447242754
958407740321423361
958273342410231808
957985458428039169
957862532013846528
957845788943634432
957805665308770304
957606608103550982
957410211907735552
957164810751258625
957030163577032704
956893247909089280
956818620377698304
956592998854225920
956540208140443648
955122861437370368
955076782423707648
955035209870860292
954461560637976576
954428313614929925
954006032971370496
954004840648241156
953236567258214401
952995935163994112
952917317540868097
952907334304653312
952747081206202368
952799838835417088
952201811632513024
950725093872644096
950703099680907264
950364027129012224
950328876416282624
949287634614013953
949118337035919360
948673099217727488
947904703974621184
947902926655287297
947587949297917952
947179812552093696
946330410081861632
946549114145296385
946147427081433095
945714866462920704
945819748297728001
944230874475913216
944265917265047552
944138210531090432
943426070132547584
943370864455798784
942622549321682944
942565950200729601
942038225379524608
941856181705953280
941084484493029376
941383753833828352
941050934112567296
941265828263157760
941021082110365698
940769565600075776
940223237887115265
939884680106659840
939778112417615873
939434280819838976
931541786660622337
936733842689343488
936613830909677569
936562653459308544
935922449245507584
935732632624750598
935085478537129984
933543949809147904
933140942470627328
932692622640144384
932499229368602624
932287690686558208
931227176199786497
930988089199267840
930920272265469952
930432254630879232
930072699895996416
929503641014112256
929492038231429120
929320777668628480
929822338996166656
929651550582030337
929612535619379200
928545143027769344
928510171944570880
928403532209848320
928277982875209728
928274171951378433
924637600094326784
922468229016154112
920757990889623553
920753921831862272
919909494200528897
913311885599973376
909928733456371712
908170818399678464
906294827091939328
901680175733121024
898503623084322817
1459906660202422276
1204375714390249472
1117803293189836801
888216965189206016
878169402096660481
877833981005312000
1387114199306936323
872096221657260032
870352487332458496
867947674577895424
864657631905849345
1553039016416743432
1549292173580959744
1527597532305571841
1526616354635272195
1504734190927253505
1497985095419969541
1438417220883734529
1438397707261911041
1435144296940949506
1433531792716296193
1432188339994562565
1428620885808791554
1424471193139089411
1421539997610618887
1416760114061615110
1406699639416397824
1397181190168223744
1387950527640526849
1379540987068960770
1358758788027854852
1349483637704634374
1348555304003203076
1343003403853717504
1332186863746965504
1275895535870894081
1252279995734654976
1196966272921227265
1187189635346096129
1184499656346230787
1181205900993822720
1178584175227625472
1171737271961292800
1154966010379657217
1154605700535865344
1154605447778713602
1154582597688709120
1154580558451638278
1154579784627703809
1154580476985630722
1150680365780148224
1136084894227075074
1121598638164070400
1080298743986077702
1024974196227678208
990660069015670784
973740029746077696
865453564495147010
864103574069891072
1426575728183709697
1394313413862596616
1328694587485990913
977173165758713856
864203525311647745
863691472742346753
863607418802106368
863566185962414080
863420604648742912
862755895184326657
863256490181763072
863219069712973824
863218913953304576
863211912716328960
863068400469323776
862912162506752000
862776117857595392
861406417541976064
859814306619240448
858292830535434240
827142412870901760
825595858125205504
816921407833550848
729883120518889472
653346256924770304
653171187904679936
619599564023054336
1211970341901197313
1211202322241593345
1197362411247828993
1210667704870481921
1210556626907942912
1210168600562028544
1209724516391362560
1209420766728593409
1209117494818029570
1208365542651785216
1208245875333459969
1207736650102521856
1207408899927633920
1206897418505076737
1206593100728147968
1206407429107277824
1206143487323729920
1206120055429160960
1205791778923696128
1205764827097878528
1205704072856137728
1205324479389290499
1205284368513585154
1205057398555267072
1204872924890632194
1204449884448919554
1204318525109817345
1203629743033241605
1203491148150390785
1203432420944601090
1203399592462766081
1203171527404990465
1203138359713050624
1203109065070665728
1202660839087595520
1202775228478296065
1202688093393948675
1202237088999071745
1202020437535838208
1201544695500955648
1201380745928855552
1201190694100066304
1201173662390505478
1201014571713978368
1200960740498321409
1200872276687773698
1200684945066192896
1200308842606690304
1200062373295312896
1199951629534973952
1199300063887015936
1189913836855463937
1199117003690139648
1198482278843867136
1198408802405621761
1198358947608043520
1198255148369399809
1198298811833016320
1198127499433005056
1197980381305278467
1197922426392330245
1197496314763694082
1197213660915130373
1197180375560151040
1196966271071506432
1196904505591451649
1195284397890473986
1194834501420978176
1194806214669897728
1194283795387682817
1193851006246903809
1193806186707144705
1193537326032384000
1193138337479086080
1192812698213519364
1192951206316052480
1192920459613999105
1192566070172901376
1192451257534963713
1192413229005230081
1192351542881464320
1192180163359977474
1192080572610482176
1191787475212963840
1191491489731358720
1191545327297294336
1191547888435773442
1191536151829475329
1191534374539284481
1191383204109803521
1191354200808144896
1190878584434380800
1190236079275704320
1189700348438622208
1189393841423433733
1189153271371440129
1189078877265678336
1188502018257833985
1187745829601325056
1188244311613300737
1187314028932206593
1187381733563367425
1187317268981669888
1187194987332587522
1186918173079007232
1186606090848555009
1186519684956512257
1186168611217346560
1186162126014111746
1185197726377693184
1184828609644638211
1184753949322014722
1184051580909129728
1184217674026323968
1183957020522627073
1183667092652023809
1183412695325913088
1183230110410801153
1183005910068805632
1182813041194192896
1182681131478634496
1182633050854834176
1182394118179180544
1182587319116795905
1182295725209731072
1182211530726633473
1182203012011319296
1181336050704236545
1181062576144142336
1181064330214817792
1181035762592161793
1178187033438633985
1180072051559796744
1179774629197619206
1180121298908975104
1179441108767641600
1179864692954664960
1179259544167489537
1178375723188396033
1179121150259011584
1179035756918169600
1179003374987071489
1178946172041531393
1178713900415479809
1178572770155696128
1178544540820443136
1178451478714806273
1178251605067653121
1178128256316297218
1178113317455319041
1178110859991642112
1177951463408066562
1177872556390600704
1177736768243691521
1177736764976517122
1177528081944178689
1177407388531535872
1176164716772831232
1176672809327763458
1176466599890452480
1176197420054720514
1175903299788296192
1175867478297198592
1175153179396210688
1174728331754786816
1174714883868282880
1174661919346589696
1174162541284478980
1173516882642644998
1172324011419697159
1172363477496860672
1172262091262169096
1171741321469366272
1171731452209377280
1171718555970101249
1171379713048272896
1170992795508604928
1170948586915299328
1170725709184217089
1169588366410579970
1169253301138919424
1168712212585701376
1168610847817531392
1167867497883680773
1167351958543491073
1167134382785802241
1166238755604357121
1166013112782401536
1165640802455961603
1165706143919984640
1165674999711244289
1165634749278445568
1165250090765881344
1165292432814215173
1164950212009500672
1164930313585418240
1164665491732013056
1164656996102168583
1164389706437668866
1164086141638680576
1164014342804627456
1163936765335494656
1163720411726712832
1162725784869625860
1162727732318392321
1162459464110354434
1162403618865070080
1162222071792803841
1161596331225505792
1162111398509502465
1161710421499244544
1161219948921753600
1161091384935272448
1160130132654403585
1159904001422311424
1159988818998509571
1159755842779926538
1159229822565937152
1159281071218810881
1158782921089716227
1158774506506399745
1158521936957362177
1158354118928453633
1158185808567738368
1157367868876632067
1157280833625104384
1157273384033693697
1156798449641115648
1156444361762062336
1156386040115949568
1156106192206229504
1155571665524461568
1155181649707094017
1154772287775633408
1154609105832570881
1154603875497725953
1154603353462067200
1154585639901265921
1154498106878115840
1154209757286281216
1154100746566041600
1154033283623055367
1153431978185842688
1153099623122255873
1153008434008080384
1152954766852591616
1152749743375814658
1152542075977490433
1152292402683678720
1152207519785213952
1151847392389394432
1151828257215586307
1151311931556466688
1151052351492349952
1150938602572046337
1150717474624692224
1150701567978459139
1150329232024842240
1150344200350658560
1150208846884818944
1150095249768878081
1150083507768745985
1149979316731514880
1149236644991688704
1149018569251917824
1148844726872879104
1148580875539320832
1148457133651791872
1148183288353316865
1148170320831864834
1147486211008864259
1147329189525147648
1146811901747367938
1146331013020303361
1146284992785522690
1146131744606838784
1146096820117897217
1146034309620555776
1145359508098736128
1145104344716632065
1144905005729759232
1144240860902690817
1144167820403597312
1143762058330066944
1143654187529469952
1141725236477464576
1143464002317688832
1142959936277811201
1142598388866641920
1142756011805032448
1141786354180861952
1141690447955406848
1141450580633608192
1141428091543101440
1141337473609543680
1141140103257104385
1140977371421564928
1140709395044741123
1140700099267440646
1140644531341266944
1140481399410978816
1139537307076182016
1139468280673030144
1139459062473605120
1139277199180259328
1138473609574457345
1138274880732819456
1138251915534319616
1137851625689759744
1137246929124044800
1137019490674315266
1136185948411191297
1136276918154727424
1136096689658327040
1135990012527464449
1135625466667184128
1135248285000769536
1135111314517430272
1134941889797545985
1134740650337951745
1134413433666002945
1134092795285839872
1134100133950312449
1133854312973651968
1133852583544729600
1133776409590140928
1133700010028281858
1133637636248166402
1133614408179912704
1133377318024564737
1133409968701550592
1133408857722687493
1133368424879366145
1133158731674456064
1133064215588007936
1132927780797071360
1132927776342757376
1132927770441371648
1132927763701161984
1132654477054341122
1132654471450771456
1132654465352253446
1132654446238785536
1132557695679127552
1132009183379726336
1131983310668746752
1131478783536447495
1131463063322779649
1129265293380001793
1131366558100541440
1130700454927642624
1130612184130572288
1130449430979571712
1130403210496077824
1130404584642375680
1121344872986710016
1130084629019582466
1129653676673396736
1129653628334006272
1129645193789972480
1129654527274078210
1129656853531508738
1129653995495026688
1129470829148946432
1129483771168862209
1128425639680278534
1128586637536112641
1128562965236547585
1128336458425749511
1128266565646999553
1128138011093479425
1128087373793808384
1127936614917910529
1127834360391008256
1128031178424930305
1127967920389271552
1127928107279749120
1127914274171621376
1127213350503378950
1127691052314394625
1127425956400865280
1127341257980772353
1127355458736533506
1127198889138720769
1127202605946552321
1127174499747680256
1126958510091190273
1126844868070916096
1126702219254878208
1126528681382424576
1126360669090209793
1126363392162320384
1126162909069889536
1123299659248750593
1125734398953971712
1126135299510341634
1126109554230611968
1125753482789761024
1125969608060485632
1125559317594116096
1124933639148593152
1124771429596237825
1124692912384684033
1124290628148293632
1124127659351404544
1124128059811037189
1123491931386982400
1123294103029022723
1123293635880062976
1121397522289844226
1121640074800578562
1122851548034322433
1122778316690214913
1122760346794696704
1122789871800725504
1122771397925670913
1122603350103658497
1122482870549921792
1122719301843079170
1122198136074723330
1122507828072083456
1122505551534088192
1122404752137097217
1122292480995516421
1122267162792480768
1122233861310517248
1122233000316424192
1122231472495243264
1122175614281236480
1122203890563395585
1122187587450474499
1122147601200156672
1122128916230156288
1122125032635822086
1122093402466598913
1122067265925595139
1122061572359241728
1122003336411197440
1121996028037742592
1122022830051340288
1122000298250317825
1121984771972669440
1121714281769316352
1121838655293874176
1121795639224832001
1121791599569068033
1121756296993284096
1121740097349738496
1121732860644343813
1121701159796916224
1121697233496309760
1121685098443624448
1121684427292037120
1121677988129431552
1121676147614289921
1121675535459864576
1121675954902843392
1121654631573016576
1121638415970131968
1121635805884112897
1121475456002416640
1121304842960625664
1121596789528899584
1121588451676082176
1121575791077146624
1121468871121219585
1121437408740958209
1121389779046760448
1121483737290739712
1121483734803468292
1121483732152737793
1121469471938568194
1121457737060188160
1121452334159208450
1121451964032794624
1121348561222942720
1121347947407585282
1121347514626727936
1121341009777037313
1121332038009647105
1121231215363641345
1121157628158259201
1121161533990613000
1120746559447207938
1121022965263392774
1121002215521517568
1120944479173738496
1120977366971559936
1120925483422703616
1120330171708510213
1120730306066173952
1120686710902468608
1120569931463053312
1120442300944080897
1120285476261203968
1120310762977628161
1120280743534452742
1120279755176075265
1120167539978330112
1120162272100241408
1120162134522859521
1120152783112392705
1120151139184304128
1120150891221229570
1120151078891245569
1120129632999628800
1119591726526685184
1119075838178123777
1119657329253920768
1119145307399307264
1119133528074215424
1119109838150090755
1118917664536236032
1118782211484872704
1118633863532572672
1118615811999129600
1118444187802841088
1118423127044833281
1118338088097517568
1118246155144634370
1117936556721856512
1117831792483028993
1117402462682583040
1116698639382892544
1116607335756001280
1116244515680071681
1116242229897515009
1116190368075325445
1115591119109156864
1115410832760815616
1115416334077005824
1114912118694871041
1115098284945813504
1114800419983843329
1114183097610899458
1113846985100906497
1113756528803078144
1113419086237589505
1113276766083121152
1113282459389579265
1113236237404516352
1113227868245569537
1113225500913283072
1112935996688158720
1111189802311995393
1111300132702769152
1111294700164694016
1111249222832218112
1111007873457377285
1110898549120745472
1110865707699527680
1110590808149934083
1110491767470784512
1110471401817944064
1110255690130575360
1110435696987250688
1110236064415780865
1110205732538990592
1109181424597434368
1110020389797654528
1109976299332734976
1109958452137230337
1109884220237856770
1109604472022552583
1109624925315387397
1109511295127166978
1109235634470834176
1109465287341019136
1109419301524701184
1109408232169185280
1108159467840000002
1109051824051499008
1109045241816993793
1109009671157895168
1108639873412534274
1108515813110083584
1108248113049935872
1107230861135613952
1106392819634184192
1106122605285855232
1106122581025964032
1106049745603051521
1105695173239922688
1104890189288112129
1104841120234668033
1104391631178915840
1104103762526916608
1104079847889035280
1103839603381854211
1103793442830860293
1103772320731226114
1103712260072058881
1103236492900601857
1103251214278389760
1102621631493550080
1102881969908707329
1102224435556372480
1102061674314424320
1100415530035499008
1100127774772260864
1099876213114384385
1096901269904601088
1097027886832324608
1095358082828390407
1094718817756794881
1094195451941842944
1094065513561354240
1093892421748953089
1093486067515355136
1092718122442936320
1090813296062545920
1090614488783613959
1090459824196907008
1090314161442168839
1089967976055537665
1089701307848437760
1088901216388575232
1088303336086941697
1087077113310507008
1086934043667574784
1086428026575892480
1085918604766240770
1085475471578488832
1085383460796153856
1084863545362337793
1084686316552495106
1084720197997596672
1084710082980458497
1058374392651112448
1083001700674236418
1082997938127806464
1082936888674082816
1082328921981550593
1082439238681997317
1082219364181573632
1082218696771133441
1082219258225086464
1082061910391037952
1082026659325210625
1081957906910711808
1080829377313734656
1080647207760539648
1080619357003231238
1079917153367875585
1079503593324101632
1079400770225782784
1079397316598157313
1078524941493026816
1077785672121872387
1076542576482795521
1076762812180033536
1076217615029161984
1075745813295316992
1075701033685389313
1074996443134472192
1074538468733263872
1074457202923048962
1073943250707382279
1073473937747730433
1073324650740932608
1072302565604450305
1072200891929976837
1072091690729684992
1070817452173524994
1070770708752596994
1070697188014084097
1070503680191926272
1070298360572198913
1070324006631415808
1069768480340279297
1069018752270897152
1068573145236410369
1068544532340453376
1067768223020404737
1067775715897094145
1067341453297418240
1067729941985280002
1067401941238599680
1066861809003622400
1065913554157617153
1063278027939897344
1065468417757503489
1064959082476593158
1064830081707663360
1064829740043796480
1064345720348700672
1064342536599199745
1064146768248623105
1063967560369143808
1064101799056064512
1064057052664930304
1064006788201267201
1064001740830208000
1063951032462393344
1063948939479547905
1063762491405144066
1063696759346655232
1063479238693740545
1063401751309471744
1063225865205497857
1063212444368146433
1062114834605637632
1061895693185380354
1061865269641981952
1060947670800519168
1059764472636567552
1059941746400944128
1059357001694756865
1059349168186159104
1058803495363637248
1058712465062551553
1058254654004387842
1058014301481586689
1057678672801366016
1057004894853296130
1056924220305928192
1056576603558424577
1056156101845114880
1056202302296637441
1056100397092356096
1055961021016428544
1055817360056242176
1054885451280994304
1054720649426423810
1054680616573243392
1053941207800266752
1052812892527980544
1052673882329624576
1051456364659146752
1051237881719619584
1051236978941779968
1051218015209963520
1051194168314224640
1051193255340126209
1050939157646700544
1050926331515424770
1050924402169139200
1050912671762022401
1050590360810991618
854586136836022273
856423113503854592
859802399497535488
1049932070036918272
1048973423366553600
1048652993157951488
1048456628477997057
1033833796519567362
1047479972682784768
1046463464024223745
1045922461613805570
1045147540029497345
1044945853239234562
1043923791393492992
1043221814330228736
1043171169669730304
1042456928692183040
1040255882637008896
1039522822333165568
1039150829754888193
1038718826953814017
1038244763709919238
1037836253557927936
1037399385259339777
1037241448125673472
1036939544707432448
1036459304038096902
1036582864027103232
1036580930113216512
1036433515913535488
1036161745197387776
1036021717699899393
1035542116993093632
1035414675276681216
1034346354166906880
1033452238889541632
1033289425684324352
1033287436267180032
948944323948593152
1031722588370808832
1031998136498249728
1031890159929884672
1031725113278951426
1031490899371540481
1030419597315338240
1030285635850911748
1029967200390541312
1029237459765391360
1029122327248695296
1028798757859676160
1028356885869547520
1027615221362376709
1027493969368760321
1025028707042373632
1024816330883493888
1024699266713960448
1024351150051663872
1024671536018407424
1024258112348475393
1023426481865846784
1022569789254975488
1022449141597777921
1020969791811719168
1019797663829643265
1019540532916178944
1018989749669900291
1018883390324518912
1018824750213226498
1018860106916814849
1012740921379573760
1018050214052155393
1016815733941067779
1016525134822162432
1016212565897236481
1016081070788235264
1015627570711285760
1015281654531854336
1014757200437231616
1013890163683086336
1013860751738593280
1011630434277642240
1011473543366881281
1011243020006711296
1009741953074958336
1009741482532786176
1009673406462095361
1009541398691905536
1009047131628429312
1008289882198835206
1007887628862017536
1007383666220204032
1007002252467458048
1006510099123392512
1005826940291502080
1005495636026843137
1005487944705048576
1005097034234417155
1003597507597873152
1003527842351714304
1002307318078418949
1002115442377461760
1002078296170024960
1002076627961044993
1002077144292515840
1002075764307578880
1002031917099823104
1001783231522394112
1001763209173348352
996624243969347584
997895211882860544
996974755608694784
996977975030571012
996353668101427200
996442654568341505
996093533235896321
996415638460649472
996383658452791296
996382085018542080
996181069136322560
996119678551552000
995846695219937280
995846439702941696
986067295796584448
992424812420194305
992193545481011200
992122448316284928
991889881235275776
991882074112983040
991581179148099584
990450679977267205
990412492898631680
989926421005877248
989925254037356544
989863479732469761
988552729340661761
988382440875003904
988283714097614849
988252277784891393
987301446738558976
986338320434294786
985719065267376128
985712637357916160
984268478168293377
984396670963040256
984084085814546432
983705654144786432
983361235348369408
983357202793672704
983354802338807809
981697363520634880
981551661293301760
981563420234350592
979284134618193920
978979284789362688
977921266933026816
977449936638959616
976867037535506434
976650937656840193
975467911543492608
975249676327964672
975195919808262144
974434288337932289
974357121813942272
974204131878383616
973520902137831425
972043818018197505
971968596845871106
971716125326163968
971685193269444609
971608995390738432
969896222780723203
967804242831577088
967417276067729408
966344206334689280
966328072189501440
966179916197789696
964803955460071424
963812846319620096
963493646506123264
961893584088678400
1344786303137832960
1344747545642356736
1344706512481120257
1344696780978577408
1344566052869591040
1344665082366550018
1343996939499692034
1344418938357125120
1344414729243140097
1344254151195201536
1344326098633568256
1344191983867232256
1344120870256562176
1344074593410027520
1341596895634890752
1343833377489747968
1343491746467033088
1343154829040832513
1342945549431894017
1342923488408072192
1342288158516539393
1342042744751996929
1341929808540917768
1341925947755253760
1341893712566124544
1341859884430733312
1341767810762952704
1341755037198987265
1341638337497497600
1341460693527224322
1341227639537872896
1341118366518489090
1340838429781798913
1340766718243815424
1340780091610116102
1340605147676872705
1340472855541235714
1340372704478732288
1340311408051830786
1340085199309312002
1339816817728974848
1339748827956269056
1339605006023012353
1339723838247079945
1339717594190737409
1339694409097519104
1339622254393487360
1339034942370508800
1339120638657630209
1338997304372555776
1306328759658778625
1338828439470555136
1338699319201812480
1338663072198782976
1337811227700056066
1334826504220364800
1338401673643888640
1338290632045936641
1338247009786982400
1338269768378429441
1338185455259557888
1338103980514217987
1337865902608568321
1337799932871380992
1337732458092105729
1337593256167809030
1337496662953107456
1337491197611413504
1337410998387560448
1337309607375622144
1332098574075658242
1337041787408486404
1336841952474537984
1336801979192934400
1336515660311097345
1336960091363401735
1336616610019364864
1336655990515634178
1336743666900058114
1336564253721993218
1336513979544449024
1336679574927798272
1336678940145049601
1336526101691109376
1336353677263532032
1334288429983522816
1336143335799611392
1336198233815576576
1336200332603322368
1336180106377580545
1335949870880813059
1335616293806989312
1335581395834580992
1335567643743576065
1335460643688775680
1335424050600919042
1335226395191074822
1335140780814417920
1335108013108068352
1334675077032333314
1334337706810363904
1310590819875913730
1334295105579061248
1334097047583002624
1334092392044122112
1334065153948737536
1333994356567470080
1333906258185764867
1333847186791157761
1333748006471016448
1333514455661957120
1333721558922104835
1333697520791298050
1333574260300759042
1333570250743410689
1333393671115313155
1333322088589922304
1333293595374153731
1332658556907122689
1332455823679754251
1332456295333572609
1332183553413529602
1332462455482507264
1332461632946020352
1332270455286329345
1332246843456069632
1332295604144279557
1332112858373443586
1332109870036709376
1332189401221275648
1332165647447461890
1332105891689205762
1332058581701636098
1332035897101979649
1332040206623465472
1331933027153403906
1331055410892079105
1331279613813813251
1331671657493106688
1331198377837531138
1331594526734028801
1331482120846331906
1331344705536151552
1331316796566200320
1331314967308537856
1331297294067638273
1331234270157926402
1331022486222245889
1330944270048456704
1330744685107679235
1330012803567009794
1329861379973545985
1329852125606797312
1329602529030795264
1329272676884484098
1329103200717320194
1329148212985225216
1327997232449110016
1328644313731846144
1239861061332983809
1328294259703881728
1328458655109300225
1328467901129641988
1328381940488163331
1328378247000842242
1328202997109702656
1327725494331170817
1328035438381178880
1328004130967875585
1327703443482451968
1327437923386527745
1327374018127691776
1326949669809782784
1326880033298915341
1326932068480200704
1326956893856690176
1326922941750272004
1326823066828042240
1326657194427883525
1326628129323036672
1326510551980154880
1321814015706890240
1326393891877163008
1326179491069132800
1325747599626838016
1325707706322259969
1325588670095618049
1325526108851347458
1324082315778269190
1325319395393097730
1325286567972364293
1324898932422422528
1324731578724061186
1324527315070582785
1324343101331222531
1324334689662980098
1324333268297158656
1324264278694666240
1324123144773345282
1324075237311471618
1323922400635875329
1323696091276009472
1323677063543361537
1323646498278617089
1323598162787995649
1323339092537438208
1323318650519113732
1323254413574709248
1323025938263801856
1322776301892087809
1322395085707726848
1322030874192420864
1321977897511510016
1321841896164069376
1321508299016208384
1321418208977432576
1320674303591936000
1320827094985805825
1320812452796391425
1320349770368561153
1320617687937028097
1320524656302977024
1320504041776922625
1320274687134371841
1320254304813367296
1320140958319538181
1320061645058498560
1319913221227241472
1319397144948731905
1319380876778766349
1318783175804416000
1319019291451195395
1319031854457114624
1319027905997963264
1318952508715302912
1318911453231869952
1318669186529460225
1318587812208312320
1318532153676767233
1318499847633133568
1318373726400909313
1311136794260328455
1318047097418059776
1317803200783609856
1317470669991534593
1317012718155542532
1317183888398036992
1316819884081393667
1316804147509944322
1316889291080028160
1316042794411196417
1316107851807551488
1316462990938583042
1316842411826442241
1316381981333168130
1316390144983920641
1316540068706820096
1316496568430653440
1316337278772563968
1316303975231127552
1315970754907832326
1316036345068912647
1315935327488417794
1315917484055318528
1315810520696410112
1315747172516798465
1315659969883111426
1315595088936923137
1315594576820748288
1315486678618763265
1315391300980539393
1315306404165619712
1314659533738868744
1314998775451201542
1314828019068928000
1314376133085888513
1314151457071882241
1313948894502379520
1313902560676323329
1313459742598205445
1313133705775386631
1313169639137050632
1312914510684938243
1312807276693139456
1312518514524131329
1312015767907393537
1312444899061452800
1312308963778715653
1312060128326234120
1311862566277115904
1311666338327261186
1255380013488189440
1311434451050618885
1311340791911112704
1310901871226257408
1310864866001911809
1310876832783306752
1310875392316764169
1310760581163491328
1310731945785999360
1310703293971099648
1310673650237009933
1310428296035917824
1310111767641563136
1307505989785063424
1309620608561414144
1309503236722827264
1309620468803141632
1309555867717492737
1309537441871728646
1307387100891881472
1309433228739055617
1309058258154459138
1308822863940517889
1308786328734248961
1308690911321362432
1308679020125589505
1306171800238383105
1308288787110219776
1308151963306074113
1308153871751983104
1308135908873441280
1307992329509203968
1307973226216136704
1307723654738870272
1307566895395229702
1307476471095549952
1306953632697516034
1306924237278441472
1306811164077297664
1306692021214609410
1306723251372978178
1306679234535002112
1306332886283493376
1306459251569762309
1306452115649298432
1306216740410372096
1306215507746463744
1305887073094823936
1306071635074715649
1305938334816985089
1305853788855689217
1305521945325101056
1305193395091111937
1304970258076196864
1305069680504246272
1304340289822236672
1304902429004058624
1304643675234865152
1304723507591299073
1304596337250320389
1304179492030644231
1304537194636472321
1304490423314837504
1304415893338959874
1304377011821899776
1304292033469661184
1304136505959608321
1303864412109856773
1304016525251080192
1303907032857112576
1303824650619826178
1303822667342962688
1303771441029091328
1303713740790083591
1303563538565300227
1303562834169659393
1303288811368177664
1302999249823571970
1302918034407915520
1302913642057195521
1302625508530814977
1302137483874971648
1302243858583941121
1301999879716311041
1302125997236645888
1302106636232929280
1302070595832569856
1301960211159085056
1301718833074442244
1301826024326402048
1301769738230652928
1301670756032458752
1239918532521086976
1301213117423054848
1301258615286792196
1301086453716455424
1301086459114512389
1300994994656821248
1300988316574126081
1300952738184953856
1300928181298315264
1300438839165583360
1300795407535144960
1300670985138397186
1300648598699294720
1300614558969729025
1300419729576919040
1300279747734192128
1300241434545549313
1299241563193618432
1300029693802893312
1299994415587500032
1299901936808816641
1299964545117478912
1299884671325450240
1299828819335888896
1299602158271082496
1299529250005905411
1299218497814233090
1299218032737222658
1299210877153886215
1299149858348003329
1298948533563711490
1298969722344493056
1299024626228449280
1298948963123355648
1298872677508079616
1298874470141059072
1298857437387079681
1298654385522663424
1298823343957610496
1298811310742704128
1298708066863652867
1298789203791056896
1298779827529379841
1298616379055067139
1298780089455218690
1298772845980348422
1298723139510099968
1298735605866795008
1298376131293454337
1298358081462718464
1298284305056243712
1298185216830439424
1298008066646925313
1297858694680440833
1297863648216571905
1297061294000939008
1297665014615203841
1297778073631207425
1297770354270756864
1297740363117891584
1297728366422790144
1297690713124003840
1297759532446228481
1297731651821137920
1297708701504032768
1297445750347980801
1297718185915899904
1297722445571354625
1297713907549605894
1297640436169834499
1297579846227431424
1297030819047804929
1297194343816560640
1297105271030874112
1296753962343968778
1296507540595908608
1296430496524771334
1296329550444494852
1296249927048331264
1296067661042982915
1288025397431422977
1295742347393679360
1295838497304059906
1295789308234825729
1295587501697097729
1295568943122325505
1295494659700133889
1295433767910137856
1295429303396573184
1295025514239926272
1294880226648891392
1291277389356359680
1294652302993883143
1294628453874929665
1294232223122706434
1294184537992253440
1293584473985093633
1293579290320068608
1293440330050633730
1292584608073228289
1292527155822428163
1292406942015643648
1292493845876412416
1292338401983762434
1292350499115524098
1292336145800429568
1291912533037559809
1291906712367058944
1291694804468789250
1291618438994001920
1291604671702773761
1291323393577496576
1291153016935129089
1291191730113372160
1290294022066577408
1290600382679326721
1290333830893641728
1289969034583146496
1290071583675932672
1290007213508042752
1290281662891229185
1290263000448868353
1290246599969390593
1290166174760632322
1290198326038552576
1290091623133585408
1290045836122918912
1289945951126208515
1289939893712490498
1289861635947892738
1289586808624312320
1289360552355983360
1198408808290226176
1289270303323873280
1289213099212337157
1289043439598723072
1288784239014674433
1288739744180969472
1288623145574756352
1288506640698728454
1288431941960609794
1288369372994707457
1288101563567874048
1288013076806144000
1287300760498143232
1288008149379592193
1287737824695984130
1283336207267704832
1287200366799417349
1287056935196352513
1287006688508358657
1286924835797573633
1286915961195565056
1286763583968358400
1286563375036719105
1286504663286575104
1286507274148642819
1285953431836823553
1285844457275842561
1285695882365739008
1285615189690327041
1285495147644334081
1285376639556190208
1285175149411663872
1285173389334728704
1285134593796870144
1285109883403001856
1284082481461784576
1284191182294118401
1284087899516895238
1284160012609257472
1284133267596337152
1284033888835305472
1283922663078088704
1279450509439451137
1283799301194420224
1283707004196753408
1283707861286232064
1283674814037864449
1283200727322513409
1283510862922350593
1283300288598691840
1282686221592875008
1282357914707976193
1281004318884155394
1282230730496630784
1281919080824336384
1282069490197426176
1281966664905633794
1281968707233648641
1281907762906017792
1281777204368728065
1281706433063653379
1281639962786459648
1281557818290565125
1281495624374870021
1281354963789258752
1281251638846644224
1280114669374619650
1281139273538899969
1281005147657773056
1280832776539791361
1280987386248298498
1280537812136230913
1280790048007262208
1280551844578594817
1280694824727744512
1280729652470771713
1280633698338000896
1280527115218272257
1280505824926932993
1280315012557537280
1280409009418194946
1280415062302154752
1280403847823777792
1280422629589966849
1280383863605227522
1280078452003975168
1280190770746724353
1280112532913602560
1280005019635298304
1279942740348813313
1280007638067974144
1279860518816149504
1279479526519529472
1279667269681819649
1279609037017870337
1279566255863656448
1279433530800590849
1279391785131716608
1279294593125605376
1279285220907208704
1279222270376816641
1279140760806359045
1278788085187305486
1278890674037776384
1278870935421046794
1278806139375882240
1278604839770095616
1278590681619902464
1278307428413648896
1278223851940270080
1278158401705349120
1278107135000313857
1277823997774688257
1277896831020593153
1277860617370562561
1277139232373395457
1276827046094618626
1276792020481138688
1276329342293827585
1276351500734722049
1276349158169800705
1275902626949808128
1275901183954051074
1275827755674984449
1275577773084471302
1275541300129837056
1275319206322614273
1275043198268669952
1274892729185517572
1274866303258357760
1274335197622747137
1274517584730341376
1274329559849205762
1274196389505855488
1274010300761681920
1273913737989292032
1273891712566353923
1273887455016636416
1273818453980221441
1273476008172122112
1273176163729498112
1272947996070563840
1273022684419538946
1272943320285630464
1272717788608704514
1272648146162716672
1272634928887402509
1271981071744163840
1271717574657662976
1272149077891747845
1272060221771247617
1271488558919036928
1271143525724196865
1271048837428207617
1270896119644598272
1270934198082297856
1270917246475354112
1270851913790238721
1270717356054949888
1270652467735232514
1270600563793833985
1270580763998605312
1270485980856741889
1270287279089565696
1270466376574971904
1270434538435612673
1270128445079588866
1269986707283181568
1269981815491747849
1269946027240538112
1269900965626273792
1269623955108880386
1269349673086509057
1269149800676524032
1269149632874942465
1268643998853287937
1268704399859150849
1268541804854599680
1268132818774712320
1267566493371260928
1267861582492635148
1267864712047460353
1267846638569021441
1267792447863750659
1267687650833637376
1267523649042554881
1267460529951514626
1267442158975561730
1267153962232352769
1267407570865491968
1267375470364024834
1267305036385787908
1267165981434015745
1267134505858588672
1267006121568432128
1266865976336941056
1266728556358443009
1266643068557484033
1266640839297515520
1266597985623764992
1266551643463487492
1266489579000999943
1266351145578086400
1266318825747705856
1266316211987636226
1266119770341949440
1266161847872479233
1266021870790418432
1266024332834353152
1265992015637999623
1265793143456141312
1265852541952094210
1265502249545076744
1265440167130628097
1265512345666818048
1265511426082340869
1265554614289653761
1265553357600587777
1265049905271205888
1265467218789232641
1265414435792879616
1265411730772946944
1265428896394039297
1265417716388651008
1265383703624237056
1265339145548967938
1265277878549299200
1265256087642681344
1265086230540115969
1265249108354166784
1265056318592712704
1265239139831566336
1264791524006440960
1265045009323241472
1265073905296785408
1265014120807641095
1264914357063831552
1264711827918913539
1264915186592317440
1264889456705761286
1264899234257485830
1264884835841200129
1264832876794671105
1264778164582019072
1264831890139181057
1264804871531835392
1264730454579531777
1264712820274294784
1264528588637745153
1264537601794400256
1264494231575334913
1264665935341748225
1264682233664864258
1264728841953480704
1264710418410299393
1264389955008126977
1264455846592835589
1264648198838259713
1264690725708394497
1264468618269429760
1264451915166826501
1264706683093184514
1264705934976118784
1264705698106978304
1264704791885705216
1264704639686987776
1264704119287058433
1264702451568922624
1264509333305356288
1264702062882721792
1264701994968600578
1264701926618222593
1264700299979063296
1264502308974456832
1264648592683266048
1264700288310620162
1264699787560943621
1264699548603043840
1264693593240825856
1264693850011889664
1264693871071518720
1264410691793874945
1264693567706009603
1264670302081974273
1264591394473033728
1256162270545051648
1264517902683615232
1264404638683377665
1264478652281937920
1264405660994699264
1264412796285972481
1264400888929665026
1264399970645364736
1264363628670488576
1264347307593494528
1264127572918431744
1264105080862588928
1264041868465233920
1263977245963456512
1263905932322504706
1263832316058701824
1263847703982858242
1263746496580575232
1263636610173644810
1263300381301334017
1262159214912233473
1263494815456661504
1263422107423109120
1262757587474190337
1263322890579193857
1263217737565761536
1263145308025995265
1263051347126964225
1263049669577330689
1262895402740670464
1262821004553752576
1262557152641601539
1262519635074826250
1262397730548256770
1262367670596440064
1260823259731419141
1258239660108599297
1261881129340071937
1261357153270579202
1261128400409788417
1261195688664166400
1260867848668434432
1260839966159933441
1260788075732463616
1260733197026918400
1260735869981360133
1260760455833763845
1260547152465420288
1260684921120518145
1260534090941464579
1260261173922082821
1260238117560352773
1260227367211094016
1259446267517829120
1259936839764492289
1259817308341465088
1259537709418283010
1259502439146967041
1259368824010240000
1259360584425865217
1258718738066501632
1258601239530442752
1258684496628428800
1258592859663618048
1257729544162861058
1258034275745701892
1258006011111190528
1257842386635419648
1257202775441543169
1257335333995364352
1257159370594385921
1257056676210864128
1257180547220029441
1256892775800410113
1256893958720040960
1256473377071435776
1256808479685087233
1256806919139848193
1256803783482302464
1256743760697810944
1256727926424219648
1256217436229177344
1255890675222142976
1255823724521160706
1255565065094389761
1255248547097776134
1255198174395990018
1255023102939074560
1254481831619104776
1254362144440750080
1254272867417550848
1253539882560974849
1253355211567124480
1253308648731934723
1253301912327217152
1253018102880768009
1252623869732630528
1252625858063294464
1252546168636280834
1251827132248006656
1251873518721150978
1251603536871333893
1251234363502714881
1251524532818583553
1251458953822662657
1251087322549903360
1251156248768024576
1250985364287873024
1250914461738663936
1250527106041147392
1250678728683814912
1250625125772169216
1250390555181428741
1250331364483682308
1249905829064503296
1249723823940866048
1249669551895298048
1249224063395999746
1248991178751479814
1248876347591667712
1248722071460421633
1248400333505613826
1248209685905321985
1247985559408164865
1247728218322472962
1247473753111572486
1246679228717748224
1247178896040222720
1247274897228861440
1247242762828873728
1247176167653695497
1242648022372118529
1246891024393404418
1247024938990465025
1245530973162242048
1245865729376698369
1246013099175366657
1246579550428880896
1246598452668067840
1246605648625668098
1244901180720865285
1246165479342964736
1245843417617309696
1243702982669037568
1245784440883863552
1244827660770881542
1245016125714436096
1244871723427692545
1244806629926682625
1244759775516098560
1244458606960885760
1244370716872622080
1244102482315231238
1244047043720429568
1243771447891410944
1243392175917826048
1243581333525409800
1243243758914863104
1243204843432316928
1242940922259800068
1242686510375174148
1242494792275116033
1242168418243092483
1242383640409059328
1242221533310771202
1242252596263387140
1241847607451934721
1241753962929369088
1241672227545927682
1241410477504237568
1240765299667984386
1241454822085152768
1241408971480555521
1241321530161639427
1241045562310512642
1241243063089082370
1241148796555284480
1240921134192832513
1240907781206446085
1240854168388005889
1240655036000210946
1240603506995855361
1240472328406007808
1239654902101671943
1239762228431093763
1239764246541430785
1239612143407955970
1239415602738954240
1239254388079603717
1238994114651156481
1238537806357594116
1238474719193686018
1238850529742200837
1238788630706974721
1238418304261337093
1238097756994129921
1238209844559167489
1238141262307512320
1238122015120334854
1238089679955800129
1237924069397467137
1237924658185469954
1237955984473145345
1237933847762919440
1237928068313952257
1237925578076012547
1237917914604453888
1237920264157044741
1237922015455182849
1237882216736157696
1237875620287135750
1237871705755799555
1237892436757643265
1237677416233013248
1237609988723367936
1237538312937590784
1237140744906969090
1236676071560544258
1236630270754934784
1236631628685983749
1236619189454024704
1236619354231443457
1236621638747262976
1236618948982050816
1236557531629174785
1236453047800188928
1236439592288518144
1236435421053227008
1235474467981348864
1235303361534210050
1234614289123729408
1234467715659829248
1233840665798365193
1233768564559163394
1233615314581016576
1232779545863970819
1232689262425989121
1232674744207462400
1232572834054057984
1232478574130548736
1231568544434966528
1231764437280993281
1231482061359239168
1231108834535411712
1231053722672713728
1230767987860238337
1230269669602279425
1229926088224190464
1229305596555485185
1229009461844619265
1228915755980410880
1228911259749363717
1228642706647158784
1228350112126160901
1228624650156093440
1228246833568387072
1228198017007640578
1228112681564983297
1228028879283118080
1227950386729963520
1227349023662669825
1226870488879726592
1226363135315128320
1226001517229985793
1225430151233601537
1225238238597730305
1224959403675095041
1224922389877862400
1224202195798757376
1224339082995613696
1223217066791985153
1223079138128302080
1223031401613754368
1222644476000141313
1221310385187409920
1220540869167632384
1220832045812846592
1220393185773359105
1220364344162234370
1220119481265029120
1219628819784531970
1219120920473681920
1218979700577570818
1218653595786080257
1218614331811692553
1218527304999194624
1218245669057482753
1217917315628576786
1217804801615876096
1217723775753441280
1215928501351510017
1217499188445024256
1217315334534791168
1217365742221328384
1217185278496059392
1217126899274649600
1217020375248396289
1216721200891727873
1216580649324351488
1203914020526292992
1216351021716451329
1215887137830309888
1215440738743287808
1215165401291788289
1215127311479115783
1214870992595701760
1214394928572309504
1214182899961991173
1214058502412554240
1213687872508678144
1213416494719258629
1213034890494504960
1212784126945824768
1212739821694865410
1212730410813272064
1212416511694057474
1590388446056820737
1584616770094043136
1569139998645170179
1566071591502598148
1562604894627868678
1557569749269516288
1550772213254684673
1548489241633574914
1541331140803530752
1536260616373030915
1518336859402907655
1506263915335979025
1505373276591124480
1505178209436172294
1504388148251566087
1496923753271500803
1492271520328073217
1459676490807713793
1427359424071544840
1436485791283179522
1428246876957126659
1427356023497510946
1426159068075503625
1426261901131100165
1394650226275667969
1390066883643297795
1384707342726488064
1384701150247665666
1356885088374566914
1329081886908379151
1324351520872124417
1301628848820432896
1291618412758618114
1202498320872169472
1217883384229388293
1214033799329320960
1184310469357637632
1168188909018218502
1134100302410518528
1113655158708129793
1108042571354275840
1087853087107268608
1073765752988041217
1070725682957709312
1047999963584557056
747680285383397376
659193256895492096
427910813668503553
407642980636299264
401479525986762752
1376612913310543878
1231587178708373505
1139214275015168000
1633321481
794440592948240384
791236099658121216
788010850212646913
787707318632845312
783375154009210880
775120005973237760
773173066205655040
772320341838266369
762287350168682496
762231844641337344
762120802409914368
760702735784218624
760363599537836032
758192023585292288
757681712729960448
757598527195320320
757484206259834880
756463508825444352
756104688651632640
755494280844742657
755459572979171328
737657126600859648
732996658779295744
732089670067097600
731953575589490689
730795306015698944
729768520087638018
729419724417736704
727520204692054016
721813148911734785
718457348109549568
714942056846790657
706605799850663936
702551619230011392
702114572262576128
1504057389019979783
1504108979022139392
1504072762155012096
1503985068968079361
1503775601915740175
1503803787772891149
1503738979534917637
1503732633225863176
1503722982019149825
1503475914075783180
1503706012494307334
1503628085253484547
1503613907226841091
1503580485624160256
1503526412807856130
1503490450400841728
1503434841500573696
1503103017092014089
1503196110411776006
1503166563515523079
1503105135207235598
1502315568803819527
1502102503256903680
1502206948418076672
1502205345652871169
1502190584815099906
1502040280949788676
1501995105833873410
1501821793501331457
1501741951288287237
1501732532189995008
1501244810614775809
1501245507527716869
1501104066369232897
1501209466779406338
1501056961189666817
1500720385171546112
1500757897726160901
1501073826678980608
1501077298161852419
1501065534061744133
1500655985270018048
1500258775575318530
1500040606436904963
1500141421726162958
1500018805883695108
1500065198996078593
1499786931831410690
1499412138330398724
1499480051355635712
1499436843271696385
1499437368499179533
1499440832298078215
1499384273429794820
1499280978879172610
1499140765376827394
1498886945455456258
1498039700723941377
1498762036762877952
1498566948262760448
1498471890947555332
1498450224846671874
1497299128304422913
1497284373212663812
1496924546628210691
1496508216674594819
1496497675885326341
1496477354390171652
1495970707234336771
1496196971144613889
1495990068821082115
1495909840513912835
1495430089135251460
1495158016819277833
1494897681839181825
1494472977982889991
1494326518750724098
1494112408360521728
1494067192735977472
1493814794905817091
1493656659670962178
1492695531369508866
1492384311164940291
1491898378116083725
1492026127099043856
1491857788393435145
1491434695162474497
1491475463230955525
1491259675320684544
1491120917967040512
1491150068681900035
1491091560242741248
1490784393752981515
1491068626308321283
1491068434955702273
1491067529946546179
1477459388831080452
1490526083082563584
1490709164687261698
1490626396762390528
1490587547206103044
1490405848962646016
1490079483147300867
1489519742608154624
1489310967930359808
1489294719322664969
1489279558667104257
1489097975271931915
1488914457887752199
1488836321850372096
1488533859486605318
1488210482901098498
1488457556334985218
1488211952325185536
1488173447251435523
1488086400964648969
1487558816682360832
1487105166105010180
1487177338412584969
1486782066394124290
1486465367388131330
1486016512259407877
1485807754052780038
1485765527540682754
1485617591385485313
1485170285942874115
1485033292093140994
1485020634937794564
1485008120648663040
1484926926124982275
1484766705209561090
1484843281569746946
1484753269989978112
1484678714491351041
1484406190499319810
1483846935433912327
1483761458840158208
1483250269148401666
1483431481930362881
1483378055540527107
1483377084462678026
1483374958520979457
1483100064214048778
1482502315202555905
1482153936232620032
1482064209928409088
1481340194074906639
1481216506331648002
1480933658542362632
1480915375126720512
1480602123914125314
1480781802411331584
1480670493212438528
1480294967344087059
1479728031518232577
1479727863381127170
1479726965758185474
1479649491309539330
1479405042637721600
1479425997975875587
1478965237445316611
1478699623208398852
1478682319800000515
1478255235218821120
1478113449024630795
1478114893417095174
1476606111339929601
1476990272504401920
1477672820268322819
1477350013927841802
1476955555302367239
1476644449782480904
1476455025748684804
1475908662254137345
1473749342540365824
1475565116494069763
1475553953085628420
1475543538700013568
1475028932516888580
1472225083922001923
1473290810624036869
1473269247270866946
1472754713552568321
1472631114262974467
1471974773420920837
1471963806586789892
1470946091394682885
1471123723747004424
1471167878049107970
1471003272718786560
1470731331743420425
1470792856923262980
1470740397924175884
1470609309075906562
1470354764420378634
1470203580518842370
1469822724705234944
1467611669576790020
1469410369802321925
1468792953799954437
1468262074102865923
1468053804511899656
1468073088470319105
1466844317813772290
1466111051380891652
1466293434952474628
1465896651839524868
1465986874321735682
1466045588634537985
1465781709761249280
1465522637904310273
1465435751898918912
1465411016221605888
1465353273548808194
1465052931296833539
1465014322619301891
1464911889008402433
1464691368027164674
1464052449434550272
1464038482544775170
1463917181746491400
1463827028222881797
1463694429458518020
1462881126201151505
1462819140939485190
1462563420142768132
1461754744502894608
1461023029597655044
1460860790710452240
1460803519460655106
1460783730709127174
1460756048965480449
1460645261798215685
1460310410595237890
1460303831883993099
1460187921122684928
1460119393136885762
1366096548333973504
1459682445607923712
1459672572321222659
1459653724989657090
1459321147619782659
1459483868487196674
1459508560052711429
1459135779020541963
1459038917714497536
1458082310503288834
1458352663205081096
1458125357379461127
1458132504603410435
1458064679381700620
1458064048566718464
1458030258121318404
1457548437751140358
1457446860356931584
1457446595646029827
1457436541777694721
1456841741231927297
1456921075703418886
1456920253808607233
1456196264828325888
1455273552047853570
1455989380796096521
1455957022608805889
1455858201266507776
1455871175167463424
1455635963460210691
1455562198521106436
1455180560100470789
1454392935894720516
1454169639370514434
1454040380295589889
1453923025422794759
1453084339445682183
1453115474024280064
1452681272199946247
1452718930053644289
1449752021301612545
1450447705344520198
1450823637582458880
1450342941701013504
1450280082371760131
1450176761447149571
1450151555362000905
1450107353043460096
1450105642090319873
1449978822913314825
1449763303157346307
1449754673888563200
1449387525378691075
1449387255961776130
1449386586618032129
1448764903313981468
1448764538120126471
1448113691124248579
1447552111500275712
1447406681768566788
1446862637799780356
1446835265390194688
1446339604580163588
1445850283951603714
1445562461776531465
1444672033254563850
1444831589637124097
1444766265613053954
1444302608508747776
1444144689104437251
1443976683976110082
1443304130517225473
1443222038550700034
1442819506838114310
1442652901999009795
1442516631452721156
1442297005011701760
1441393329581690882
1441504674671071232
1441337824532303872
1441162105692979206
1441143038982574090
1441048544299814926
1441047976747495426
1441047190109974534
1440947157880672256
1440933893922689028
1440723489292357635
1440874032912547840
1440367747469250575
1440011220073996290
1439508207920197635
1439326295402455040
1439301705728856066
1438949411770482700
1438805297699643398
1438746452394663937
1438708343200174080
1438419702733316096
1438243315091230728
1437970816059297793
1438054901679013888
1437589273457348612
1437316391300968451
1437292445545353223
1437060149601083404
1436840607259893761
1436425435659837451
1436757936265568260
1436691029995008001
1436466412801777667
1436464876323577879
1436066249096769537
1436036001642733568
1435942290795614212
1435299054376816640
1434975714491699209
1434983656766967808
1435073144486780932
1435014050283405313
1434928340054446092
1434870116232187908
1434627307960877057
1434580950227247113
1434205047139627009
1434013488549019653
1433997505230999554
1433833651482017792
1433447575445725184
1433783125453193222
1433777842790281221
1433613396721770500
1433614460204183553
1433535119034249245
1433540849468538880
1433544012586180608
1433541309952929794
1433349568213684227
1433236648180031488
1432876435929288705
1432744814194438152
1432445779189370884
1432594357929058306
1432501598496886786
1432442284986052617
1432357758586789895
1432610379071467525
1432610387992752130
1432439247227826178
1432528067243749377
1432541183771881473
1432490619759366152
1432492782837501956
1432503418082504710
1432506419216007170
1432515897399328775
1432499466876112900
1432497416704598016
1432495720897126405
1432493075499192331
1432464536918007808
1404519115788849157
1432037257364398088
1432011171524067335
1431718549781991429
1431382222129537026
1431343018087436291
1430996627188326407
1430990222221877251
1430920424703991808
1430582902673350658
1430469337534668801
1430454935968120832
1428225754538467334
1430365762410135552
1430273344922951683
1430159314556227586
1430135282796539908
1430134335341015040
1430078379966058496
1430010211796852741
1429808754787246086
1429736597461766146
1429726354455482373
1429726068190060545
1429405074149806082
1429492976951209985
1429254221073813508
1429240537895243777
1428593920682840065
1428927496142024710
1428421761838768137
1428619867545120778
1428600741095251971
1428462851904114690
1428422106648219650
1428436314983120896
1428169208764850178
1427963013089353736
1427611744961273856
1427902814299242503
1427908364395233282
1427883962869891075
1427838242834026496
1427735403918995460
1427718908635717639
1427199122654711808
1427610586666475526
1427604911605252097
1427473517491245061
1427473945054298113
1427422762734440452
1427402657648414737
1427384500607148035
1427346092480290816
1427124222606856195
1426710333264179214
1427001703501504512
1427143872673636352
1427023160436723718
1426976283242627074
1426865033724694531
1308508609391857664
1426753986053513217
1426831885062139904
1426622989836201987
1426183876611743746
1426596082566537220
1425961034758725640
1426293396734423055
1425928155462766598
1425604883516989447
1424972159936389123
1424476350010716161
1424383083759943691
1424039115499229189
1423373985492910080
1423136321258852352
1423121204194467846
1422991992116629509
1420441924251623426
1422162738911064065
1421491661977399301
1421194737248243712
1420875499782299651
1420010603251437575
1419530664450347009
1419090195195088896
1419002211779100672
1418956717388337163
1418848504877928451
1418499081878523906
1418412190764204036
1418403997925396482
1417848129769070595
1417850655994155009
1417447221969231889
1417512829633142784
1416912713503084547
1417089017808449543
1416991100221394949
1416691675729207300
1416328506754146306
1416210415395164169
1415856463856107522
1415636638894497793
1415463177932918792
1415349072282624009
1415098503290707968
1414730659646431233
1414497198776127490
1413894602868891648
1413517628518326272
1410975688803295234
1406153485947654147
1412954581252943872
1412512056834658314
1412393620271939585
1412427713160224772
1412418425163497480
1412249313728614402
1411762996460859392
1411683641730682882
1411499619192872961
1411151268010250243
1411183939029377026
1411132165325209601
1410473861150384129
1410290643256201225
1410065755572367360
1409888594295197703
1409357762967052288
1409374737243979776
1409225310382460935
1409211899372130305
1409180513013841929
1409028779847081985
1408413413718515714
1408093779404464135
1408158720140382211
1408140956197601280
1407711501625012226
1407706962603696134
1407296319169843204
1407316470703575044
1407215540498743302
1406996071402795015
1406953223991316484
1406891354144313346
1406507150835388420
1381274817270321164
1406408715624984579
1406221804495048704
1405592543711043584
1405550995162161159
1405467883711442948
1405392651004911619
1405050370460569601
1404908184196759567
1404724163475083265
1404676979933151236
1401962981362110474
1404083205406298114
1404051435873095682
1403134879341039616
1403003749161836564
1402667631048527875
1402312813960433666
1402091363982733313
1402022609517223936
1401992930638942211
1401828508008169475
1401878630393860098
1401675267421229059
1401452251416170501
1401258728440143875
1401301070270267395
1400930907377176583
1400876195609260038
1400718347906568192
1400320586614665219
1399930535741378562
1399660477697855489
1399533157339312129
1399488461531324423
1398618213647368196
1398829889893986307
1398663497655980033
1398574257626660866
1398460245807190019
1397957346312208384
1397758918122622979
1397382148080947204
1397262581274857472
1396929808366514179
1396861736762941443
1396800951088926721
1396439068410486789
1396534534955364354
1396487439527694337
1396179340929421314
1396173306684837888
1396000631173828611
1395800881665249281
1395545687400529922
1395262414850035715
1394780743629524994
1394723850487803909
1394219362874273792
1393947358753394699
1393557353706889220
1392832648687460355
1392563772410245124
1392474541495050242
1392331167609798659
1392241112006336515
1392188771563720704
1391851560452476928
1391470505937547267
1391436490866008064
1390834682623844353
1390133081219207172
1390104928069226497
1389938415559340034
1389685144542351361
1389271715230875648
1389090409792614404
1388907044904783873
1388872756620664834
1388545731892551681
1388221934354243606
1388113544311410691
1387397948309377024
1387221544070520832
1386746410704556033
1382595109632372738
1385659942833586182
1385679192491180038
1385447173542748167
1385398391849508864
1385073508548452352
1385121191464116231
1385121129489002502
1385021691902849026
1385021635044921344
1384953864919584771
1384779540858384385
1384334002274795520
1383915736528154626
1383869136929890308
1383435122209218561
1383190241431801858
1382606563010093056
1382709909695967238
1382127780700303361
1382031475730702344
1378969648113180674
1381700644461940737
1381138612876570624
1381037227539595273
1380999142940499969
1380615780933509121
1379972194789433346
1380065207599308808
1379954147089281030
1379861437057794048
1379030289998024704
1379603627497680896
1377510883950260225
1379508926920544256
1379162238158790657
1378998291854073859
1378789740858765313
1378745562195894273
1378349575027752964
1377848188921647107
1377736508128460802
1377946743539634180
1377162461409730563
1377219746979020803
1377033405406281729
1376971158621331456
1376733817533308928
1376710149952299008
1376650210462535680
1376628517987737603
1376619203143340037
1376556311735795716
1376497979981508613
1376414594290311169
1375811341357740045
1376256805714718727
1375435285761302535
1375819047959457798
1375874179887730695
1375845641419698187
1375843464915513344
1375787674171228163
1375750920047321089
1375687247387717633
1375468236150542345
1375248982113447940
1375383392833921025
1375175316914778120
1375131056743968768
1374653592318177286
1374375620147257352
1373304501570957316
1372842189970083841
1372763549232103424
1372672693682724864
1372559403556175880
1372534834317434884
1372530513899089921
1372249607921614850
1372109901762326530
1371849912606978057
1371614846756749312
1371547632968081411
1371435329555685377
1370979476310351874
1370818154088304658
1370851013591248902
1370065380698427397
1370791172780683266
1370778249572220929
1370286421479620609
1370260478245617667
1369965723913687040
1369943740723429377
1369851455730049024
1369850855902621697
1369786191579545602
1367774906084130825
1369402238284750855
1369176454609666049
1368993174694338564
1368663855979708417
1368569401465696260
1351438553214021633
1368478445987106820
1368340023100268546
1368222796896030727
1368194286420860931
1367817916930998277
1367608355687034881
1367508242616745986
1367309235281928193
1367259935042461697
1367242170625716224
1367109772584058881
1367142694192091137
1367118999826407425
1366998651361517570
1366936943607570443
1366494237068578819
1366203991512682497
1366195249392087050
1366118956243841024
1366089513794228225
1365995338146938882
1365692862520823808
1365282073007824900
1364751432725848066
1364739817276248067
1364621706036465664
1364584479088607239
1364539205855158273
1364232187302862851
1364351833708236802
1364035074279297030
1363950856161361932
1363518020245667841
1363432578817159168
1363424759351017475
1363395619599998979
1362978403671040000
1363063061477793792
1363026888885682177
1362850984263876614
1362616370270248967
1362627208754458625
1362611346806886400
1362607707237318660
1362606345120284676
1362604122449580033
1362604768863154178
1362462657094246400
1362443219137671177
1362405749473869830
1362405745971630080
1362368635222818817
1362176468848148481
1361998640881958915
1361928246519099393
1361636292958781448
1361544174915452932
1361473308483551233
1361385868301266945
1361386997672206341
1360850215847292928
1361173253574787079
1361097414447411203
1360834533336240131
1360854282342453248
1360274381319114757
1359909398416658432
1359872868423761922
1359399634393649154
1359257942118260743
1359255803258163200
1358913452392148994
1358938607680159747
1358854151158042630
1358733709520814085
1358558025091489792
1357942813435039745
1357422926627282945
1356226407945396228
1356182606509965315
1356005795230601220
1355870173073342464
1355841465126166530
1355433480390385666
1355371283312046082
1354968564017590272
1354851734447915013
1354811428796948487
1354803778709458946
1354490039766548484
1354381430218960897
1354279695404118022
1354211061503692800
1354029965256380417
1353679933562777600
1353753983869984768
1352930031241211904
1352643588832825351
1352610117947154440
1352311953985716225
1352216083936145411
1351982941384093701
1351882094973218818
1351818013570453504
1351302354398703618
1351200116439478272
1351157746427547648
1350820196374687745
1351044966479495174
1350887972745453570
1350579283127918598
1350326301517885440
1350483082449547264
1350046567932203008
1350209764681080839
1349960367884161025
1349859870984572931
1349769464766722048
1349518083950587906
1349431624228769793
1349219963463028736
1349183676156928001
1349062840561278976
1349052026043457536
1348955756922621953
1348753347034181635
1348553802773913600
1348531086888898563
1348419488694161411
1348377739300982785
1348375983020118018
1348293115849928712
1298261970806685696
1348139546693681152
1347649215414075396
1347966175620210689
1347908905775603715
1347744779443040260
520726831331557376
1347253971329675266
1347343498761162753
1347284228401205249
1347047809015492610
1346867437178814465
1346733650365263872
1346260817260535810
1345839431165517824
1345499850578788355
1345253142317809665
1344782281857241088
1341555273232601095
1343986747592601600
1343798343621898241
1343517558427697153
1343126291567017984
1341865369254809600
1342080857180237825
1343001939441819650
1342972230188281856
1341799900430954496
1341876350731239425
1341783612195287043
1341667909505085441
1341649262971633664
1341384927380697088
1341071744896020483
1341051084186509317
1340883835202891776
1340540523719749633
1340516871582474240
1339089917411008512
1339820348569772035
1339496875825766400
1339348860829802496
1339296227075248128
1339032785596657664
1339008619451457536
1339110056428769280
1339074711355969538
1339032339754725381
1339057278037585922
1338820096249245697
1338604863232430080
1338587664463884288
1338466832680882176
1338364614988476419
1338293615483826177
1337994935321104385
1337801801538613248
1337533439290040320
1337138660769214464
1337070955806461953
1336918383871266816
1336780030928691202
1336731660474257411
1336450563475697672
1327714988975214593
1335532444439564289
1335716333313425409
1335584240927387649
1335117557095825409
1334959710827499521
1334701567828762625
1334638098379137031
1334595931442982919
1334239678644576269
1333928964050530313
1333544834007588864
1333487645410828288
1333171071718100992
1333128448265625600
1332051348947406848
1332672119503806465
1332348074698608641
1332324975399874564
1331985276462198786
1331070484671238144
1330651012022022145
1330638333421236226
1330617676264312835
1330310322348040192
1330132897177735170
1329534929856843785
1329634678219935746
1329547034886627329
1329486341332197384
1329425049745428482
1329274522986573824
1329081215320686597
1328831231899865089
1328355184578351104
1327900216683417603
1327701770949234689
1327658957410856966
1327429205139734528
1327293430817550339
1327347456770797569
1327024736422031360
1327005576858099718
1326920373426921475
1326897092225282054
1326539159838748672
1326178321718185984
1326244103844208642
1326083606071013376
1326035342823202818
1326052972493758467
1325884876445388810
1325130583714877444
1324925795991609348
1325082766355083266
1325020413387214849
1324873452982038530
1324824409543188481
1324585606412857344
1324420918349844480
1323687728223977473
1324343677267988481
1324418357140082689
1324396757023862785
1323150514968735744
1313355973352980481
1322890549024722947
1322955108100034562
1322556256255578113
1322220843984916481
1321887040628269057
1321861894068555782
1320801926036901889
1319830760388526080
1319550589613686784
1319528146698440705
1319516978915270656
1319119447492263936
1318763894853279745
1318464806031134720
1318146483309416449
1317611254882594816
1318096983739990016
1317439693932306433
1317222603245932545
1317062613004582913
1316307997476425728
1316468026447929344
1316130267296346112
1315960365411377152
1314897499862102017
1314737355304038401
1314607692695117825
1313999297847783424
1314071949190946823
1312909391901974528
1312704342839955458
1311754903296126977
1311789453309104128
1311801870470582272
1311736989490782217
1311453613504393216
1311250910925008896
1309365411562037248
1310245777365757960
1309912539246088200
1309641483960623112
1309747748246155264
1309673091111542784
1307986623343321088
1309135120318726148
1309123566588354560
1309105084882726912
1308401508141215744
1308550300236537856
1308089703489400832
1308406476151627781
1307716877418979328
1307826007580143619
1306745496770244609
1305861486930276353
1306387548734976003
1306527360330559488
1306176377457004545
1306287518640463880
1306160340821041152
1306077851947425793
1305965816945336320
1305875253566996481
1305803207516487680
1305158399995318272
1305268146979430402
1305264912793505797
1305243789913587713
1305238112373800961
1305007569522417666
1305003803884883968
1304776297097330688
1304769348528205825
1304421456462274560
1304285039446818817
1304121249409495040
1303875902716153856
1303826212796719105
1303813652047433728
1303561215667515397
1303687966636879873
1303566424510660609
1303487030052007936
1303407381972430850
1303252738252431360
1303159289205403649
1302682938673299456
1302632216422264833
1302756353010626562
1302627468008882176
1302266184809807873
1301677808649998337
1301772490612457472
1301695668499734531
1301422093804789762
1301324033686941700
1300983667561562118
1300783882137219073
1300762836835143680
1300468601082716161
1299556869682483204
1300444429996576768
1300367205717008384
1300321803571810304
1300209561245155329
1300190112492511232
1300127110196072449
1299965076145754112
1299090817135636481
1298635109931917314
1298163084922626049
1298483189124599808
1297939731158896641
1297732793019977728
1297234474967666688
1296789874612359171
1296173895070781440
1296135723138064385
1295954820860387335
1295790943594057733
1295886670429065219
1295146926715830272
1294886675802402817
1294550209100300289
1294512412620730368
1293306007150637057
1293110569294352384
1292723978297999362
1292699598499328000
1292559977505263617
1291780207171510272
1291869394155577344
1291588104743092225
1283473775586091008
1291025970145763330
1291130194103865345
1291096914759258112
1290358509998092288
1290346021185347584
1290280834960732161
1290130873598144514
1290009337247567874
1289477947783548928
1289290315434799105
1288908558621462529
1288865282581311489
1288490579819745281
1288351323759484928
1288406279296299008
1287969239773532160
1287663318543380481
1287838377254027264
1287830184087949312
1287739976541777920
1287411682206265347
1287316360821968896
1286848275581218816
1286416314257379328
1286699965176217600
1286482148279476224
1286670579450302464
1286563216928071680
1285433104274984960
1285272595172999168
1285148620275224576
1285056003717787650
1284866206848057345
1284863103293952001
1284684588447670272
1284387329633710083
1283817935153147910
1280626806886981638
1283770538494701568
1283727041200881666
1283581066012274688
1283581064972132352
1283502450469679104
1283346441797275648
1282294442989359104
1283423271820627970
1276137237386801152
1283190828475781122
1283130411116355584
1282980215317307392
1282864913610715137
1282587604232404993
1282586636543459335
1281987193733443584
1281307164863332356
1281243191262486528
1280653184315334657
1280539339215319042
1280488420691849216
1280456821401169921
1280372803363991552
1280062263920152576
1280057890234142726
1279276575427399681
1279327759462920192
1279117190361300992
1279171312779505666
1279084114151440384
1278772380026859520
1278936121670393856
1278984142143791104
1278588877490528256
1278578997174009857
1277858332603228160
1277983035372318720
1278048029275238401
1278006538721005569
1277696002405789697
1277576205135482883
1277662335117807617
1277351069740392450
1277439886090477575
1277286886210486273
1277136050704412679
1276851844539654144
1276253409331609600
1276398590668058627
1275540741599748096
1275279774810877952
1274995548978843648
1274981060032565248
1274063140234203136
1274052404992851969
1271233343200219136
1273849738744430599
1273748690990174210
1273670927600037892
1273279668330758145
1273269122672078848
1272406574774882309
1272963623070113792
1272954389809029121
1272501944947552257
1272523557122310150
1272305184358744064
1272084628111863808
1271951728917786624
1271891582040469504
1271421438076084224
1270811092743344129
1270786471465832449
1270773668835217411
1270758856264687618
1270636461025644544
1269691904364384256
1269279590645526536
1269304170349244421
1269273215223898112
1268688014630322177
1268512145127493632
1268208865155469313
1268190084903436288
1266561296415277058
1266421988479963136
1266279492336533513
1266068249239793666
1265482462077112327
1265790486117322757
1265489821730066432
1265556784791597056
1265384287710240768
1265160122072010753
1264977823644766209
1264897194089381888
1264510224418947072
1264298297994272768
1263097831386042368
1261328056100237313
1262970476332232705
1262835278852562946
1262835164272459776
1262831583364616196
1262739510225285122
1262713683093999616
1262676437817004032
1262397974233186306
1262365189950763010
1262360041698574341
1262086733069516800
1262056670688980993
1261345059686973442
1261444400535617536
1261334619812700160
1261285956763766786
1261282114168913920
1261129372557357058
1261088349680533507
1260537810865590278
1260317324638392320
1260199015033044992
1260131869536014336
1260067184044150786
1259982249526689794
1259560253882064896
1259177916031799296
1258626597864660992
1258215018891370496
1258051632207667206
1256458346887929857
1257267477769158658
1256252251028566016
1255812658122690562
1255807747087622145
1252834800995459073
1255214791771205633
1254808045399552002
1254463708786540546
1254421347251486720
1252708395192406016
1253802704234782723
1253705898633187328
1253448939564601345
1253385002911440898
1189737844497113095
1253370957206638596
1253210771007213568
1253173593426366465
1253172578731974657
1253119790983438336
1252508509033267200
1252121268863873025
1251976457263382528
1251790533837631489
1251548929898041344
1251160064632606726
1250699731514220546
1250622660188520449
1250606077059760130
1250508098294484999
1250189010900676608
1249849189128863744
1250202780171730946
1249999983534690306
1249824307875905539
1249558018989133826
1248499982438502400
1247920865217560577
1247509338144624640
1247520401321680904
1247554382331146240
1247523110221271048
1247488575165403137
1247425681564155904
1247284398946488323
1247006185837846529
1246583056623980545
1243402965433454594
1246149967791697920
1246134614449668097
1245384215123746816
1245244585292386306
1244953784951939074
1244735968424259584
1244419496816693248
1244088524028235785
1244353648332660736
1244277533979201536
1244277529562599429
1244062518336614400
1243703532966027267
1243576276365053952
1243571955464273920
1243223838751698944
1243219669453963266
1243026247443075072
1242756708902076417
1242915272157257734
1242902908938514433
1242660528649957377
1242594712663379968
1242479355919364096
1242095111573590016
1242066396621627392
1242050727146553344
1241842212196855808
1241475577246294016
1241601143861469186
1241382640583925760
1241070396327235587
1241401978783227904
1241109388267532292
1241197955509637123
1240951159709409281
1240933271313108994
1240728125270568960
1240706664279371776
1240625233154969600
1240623054578991104
1240458343317229577
1240428155673944068
1240391871026864130
1240390060668829696
1240104013925945344
1238073137813749762
1240042927969075200
1240076345520119810
1239685852093169664
1239843206897917953
1239885066010058753
1239295103442784258
1238784707489345536
1239022554683146240
1238880558052257794
1238744179716567040
1238417954632581120
1238013095777206272
1237590273128951809
1237533138647003136
1237144898106777604
1237070324707004417
1236833129861730305
1236248361495216128
1235671983653670914
1234857205519863809
1234201554246197248
1233763634314125312
1233885900750323712
1232684119278133250
1233420067058130946
1233026422517772288
1232678459920592897
1232322586421399552
1232193539964121088
1231533727500599296
1231861344883707904
1231794641441316864
1231038902330437633
1230876931710693377
1230600606617866240
1230203180761223169
1229991508729790464
1229729619131215873
1228982903356436480
1229317445174714368
1229037455338139648
1228976706519613440
1228668282334400514
1228806586253971457
1227755727835541504
1227320372560830469
1226659804913033219
1226577460432490496
1226543083220819969
1226216652204847104
1225343776597663745
1225203134416506881
1224675878040412161
1224365709918187521
1222982067799121926
1222651486389317633
1222655122389504002
1222583615185252353
1220496404495380481
1220042657562529798
1220020420138717184
1219603796663459842
1219505429010620416
1217871321402503168
1218585718928199682
1217923023950491662
1217732173496639488
1217618514023833602
1217180381801328641
1125362839370248192
1216748529361805313
1216326115565895681
1216239645534687232
1216288026537734145
1216121858669662208
1215383337449263113
1215406019985256455
1215334471248953344
1215072430588342272
1214643542716567553
1214438991493091328
1214264247150088192
1213129703961194498
1213752044902899713
1213649769119109121
1213287977532739584
1212829409587150848
1212316808491020288
1211532154041032705
1195302788596674560
1210741895107756032
1210058890383175680
1209847857072803842
1209497433396383744
1208145208141078531
1208106874375155719
1208238797072158720
1208214718977994752
1207584255913709568
1207090836359397377
1207078268303806464
1206852104847069184
1206809629637971968
1206187266458234881
1205777279638556672
1205759369813479424
1204710350488137728
1204475618928123904
1203902090319450112
1203759638056968193
1203416083144810496
1202830889714995203
1202302425878736902
1202270394113314817
1202209281203933184
1201712755641929728
1201698959908990978
1199873727900651520
1200064384539734018
1199887945098027009
1199627499162013697
1198854455472476161
1199078934144401408
1198942914723897344
1198777014322442241
1198759743055024128
1194313930367258624
1198534278159704064
1197809392382464000
1197619226313314304
1191075133194194944
1197059753551319041
1196932286937260032
1197050541844713477
1197050406465155073
1197056882164285441
1197054468749180929
1197052184220831744
1197043144350523392
1197039028555657216
1197035677738819584
1196888165677719553
1196892234366509057
1196950560030760960
1196892662554595328
1196937916443873280
1195496748023795712
1194676625071312901
1194592663984623616
1194320337758040065
1194014503152869376
1194027196345659392
1193671641320099841
1192514773864329216
1191813467109507074
1191750080912605185
1191155814267940865
1186435590235066369
1191033686327791617
1190775862779666437
1190660148261339137
1190451153927995397
1190217527252545536
1189791833007607808
1189897137984876545
1189393840014118912
1188373053102809088
1187649643246698497
1187789786213425152
1185912605401124865
890260288855035905
1184763716975366144
1184420403432873984
1183749303212396546
1183764274172157953
1183420288886665216
1182644749620207620
1182603283019513860
1182416989022760961
1182345372464635904
1182197400846262272
1181647628049747969
1181915876796157953
1181462292082245633
1181521797705015297
1180024233956478976
1180695492830941184
1180398223640465409
1180127937108041730
1180147333343977472
1179545351495143425
1179544823868485633
1179336570480009217
1178714069567586304
1178778778576670720
1178637628662538245
1177656315553996800
1178256442576519168
1177436181320986624
1177323084841226241
1174847158786437121
1175425467895230467
1175362033811951618
1175200330906079232
1175091500797050880
1174944153752334336
1174675958407860225
1174294304942108672
1173997420255952896
1173732891999662080
1173512208191557632
1173427528024952832
1172937311207604224
1172901590497452033
1172550508030177285
1172379137203294208
1172259516618018824
1172232241554104320
1171896309533552647
1171765938225594368
1171310293252628480
1170688735408791552
1170306053109665793
1170888932676050944
1170349984392318976
1169953523947229184
1169332140846305280
1169069056118255616
1168953415097114624
1168910599591538694
1168488942628409345
1168233093062373376
1167366823240699904
1166811203370455055
1167476920780374016
1167045351708200960
1166462175180926976
1166102240639299595
1165751213398331394
1165712115941855232
1165622756576301056
1165397818258972677
1165011269109391361
1165054865350918144
1164961996246343680
1164931202547101696
1164695701294657537
1164737147322195971
1164708825204609024
1164654435479560193
1164064900773273600
1163969932419166208
1162962368151736320
1161819765612019714
1162681350836686855
1162421219829960705
1162341644928258049
1162154507939262472
1161797080035274753
1161790482990551041
1141653643348676609
1161724296273641472
1161658656833908736
1161638014197649409
1161258370478858240
1161568828704223232
1161553058578534401
1161442217480744961
1160318365375897600
1161266003432615937
1160975829465206784
1160945166271705089
1160934955104403456
1160667748978122755
1160419925212590080
1160309383701680129
1159575701374349320
1159134431426355200
1158383468927045632
1158306283885404161
1158161391800520709
1158245279184953344
1157788869280108545
1157068710357753856
1156907396381446144
1156897726732427264
1156801640764252160
1156591827824214018
1156390049778454528
1156441266793697281
1156159999833513984
1155273505056808961
1155003681353474048
1154984334857662464
1154949942139449344
1154582870859497472
1154043746918338562
1153973957093015553
1153446497108803585
1153925785411117056
1153627260307611648
1153547659669467136
1153605909077286917
1153540765508931584
1153148960141434880
1152414417943793664
1152217966680911873
1149781097187725312
1151912582447603712
1151139910549721088
1151021900530769925
1150910413770543104
1150190161440989184
1149726174588878849
1149577542581407744
1148827661466329094
1148650525480480768
1148586735808286721
1148321851996811264
1147865335728607232
1147786369995067392
1147413055011270663
1146785367028371456
1146139138221137921
1145804804540657664
1144633822459248640
1145127125512536065
1144858113368973312
1145065406215938049
1144869661709783040
1144693268669784064
1144032682495528961
1142129684718784512
1143359586939748352
1142204477086322688
1130543126072967170
1141488001073242112
1141348372516876289
1140978914808012800
1140581299222007809
1139602146679242753
1139385854529380354
1139304235491909632
1139097550961688576
1138806837074178048
1138362074344644608
1138504234557681666
1137541602338136065
1137225250976874496
1137145173215993856
1137036215537086464
1136330908942946304
1136316725962711041
1135665896976977920
1135550453591265280
1135471695001767937
1135274356148277250
1134830374104813569
1134325244594774018
1133829444018294785
1133393017191174144
1133216979421204480
1133215902370025472
1132321617554681856
1132288617122918405
1132049412530823169
1131667073531125760
1130424792547549185
1129651919004168192
1129654594177363969
1129653971994365952
1129654678008938496
1129653726744985600
1129656229981069313
1129652489605660673
1129652203377942528
1129654861279006720
1129654308444692480
1129654708103024640
1129656627303309312
1129647286282178561
1129696069112213504
1129648245267869696
1129653762425991168
1129654549151506433
1129655281925758976
1129648249839636480
1129654414883446785
1129646110195109888
1129653737159417858
1129656551969394688
1129647670660816898
1129656495816056834
1129653625142165504
1129656871743131649
1129624940834099200
1129084308558368768
1128455989605199872
1128257891805298690
1128111502567677953
1128298611161300993
1128240882430414849
1127965569821626368
1127992400947892224
1127928658440507394
1126827402188001280
1126805336873160705
1126756177486860290
1126745918479294464
1126553300420030464
1126477505744056320
1126423829117587456
1126408645451878401
1126231559827148801
1116309577367261185
1124542892863893504
1123958389065826305
1123726954132398085
1123690153665605634
1123239570655580160
1123200359902715904
1122858585883652098
1122709824607850496
1122480696612859904
1122308607872102400
1122036543957295104
1121956388878446593
1121925204559577089
1121910331066994693
1121905122773172228
1121864797820157959
1121757279060209664
1121709823249330177
1121699194454982657
1121453172835405824
1121425701050245121
1121359477108658177
1121114015898460160
1120629076396474368
1120364029040631808
1120347076649418752
1120233541923635200
1119243877494353920
1118614977672355840
1118321002402811904
1118278177409982464
1118286910806470656
1118089779529175040
1118080505361178624
1116131719340417025
1116976551957020673
1116480289348440064
1115890067254456320
1115736774033268736
1115642710097039363
1115629835617959939
1115214743965458439
1115213916987101185
1115184159012478976
1115165156462305280
1115156339393622016
1115120098790895616
1114521172576616449
1115092279553744896
1115045302770102278
1115035119377457154
1114903794192490496
1114610083525287938
1114102245254148097
1113773525188395014
1113738048385224704
1113474267688132608
1113443960737869824
1112797246070943745
1112368677444161537
1111847869047283712
1111859244544995328
1111679240053784576
1111479216493596673
1111237306105712640
1110311194949226499
1110509564133339136
1110393390326337536
1110549810443100160
1110490228509282304
1109917491633901569
1109833765927428097
1109802679616724992
1109801411682988032
1109229257404882944
1109412958952718339
1109273138355826690
1108545277827448832
1108421766219788289
1108465988075487232
1108347211535040512
1108091608682151936
1107799892234330114
1107744126773137410
1107387261899952128
1107087689277411328
1106163187123146752
1106123550992277504
1105717632920109058
1105259866589933570
1105160601830080514
1104879287298154501
1104836664264921088
1104766658860728320
1104753342373343234
1104288490710163456
1103781722150395904
1103737243842297857
1103377820305248256
1103064437018243072
1103043948170293248
1102901419747684352
1102214150556606465
1102325041813872640
1101546732578574339
1100155292199804928
1100255925846200321
1100104255661375488
1098333823656431630
1099941821826977792
1099726570862850048
1098988292975013889
1098822422956990464
1098665031225335808
1098517422485598208
1098408215459577856
1097490698637463552
1097301020328189952
1096978313912950789
873085502554951682
895562902714949632
933269986814189569
1095254749660807168
1096599405816307712
1095901088232857608
1095559227769278465
1095144214533410816
1094375749279248385
1094195382643539969
1094308358281019392
1094243546834657281
1093873399972200454
1092989515512377345
1091987147400400896
1091854552905637890
1090944666621669376
1090339414281195521
1089931165623074816
1089257931080679424
1089371194883784706
1089262886571200512
1088550575296327680
1088536974590337027
1087824114532913153
1087750445538279424
1087625712511655937
1087122349210652674
1086312915936862208
1086085398164619264
1085842785352085504
1085707050095599616
1085656434480566274
1085129985604632577
1084012515397382144
1084112305527443457
1083721641484533760
1083742706747273218
1083467372000796672
1082996024816398337
1082963198360268801
1082751014279667712
1082627015235256321
1082002961306394632
1081551446875746305
1081506020604764160
1073156507368415233
1080766869659889664
1080741433743556608
1080445234360844288
1080058741557522432
1079288572077735936
1079446005962010625
1079142028070567941
1078801975939137539
1071465900497223680
1078019161710886912
1077653026792443904
1076931456436396032
1076834364250570752
1076431670331432965
1075338096349233152
1074026351508676610
1074146346251227137
1074045069311795201
1072637652736839680
1072480635896369152
1072315989155635206
1071380325425733634
1071326859349024768
1071140708038426624
1071147075084136450
1070692380704210944
1069837292502573056
1069715005992366080
1069654803289178113
1069577838691524608
1069150190936842240
1068526155005743105
1068731263476002818
1068687025505595392
1068181367857397760
1068178279427796992
1067902351070105601
1067862792982749184
1067807879309287425
1067774279125778432
1064611623783026691
1066277429998686208
1065731953574494209
1064198127111073797
1064097907828289536
1063878468646158336
1062857525299724288
1062853889597341696
1062274406481883136
1061768473414635520
1061345469958418432
1060711501453942784
1060697213142294529
1060170851138617344
1059750495395307520
1059749124159942657
1059391982592778240
1059262941797638144
1058400401177759744
1058380133839572998
1058298676454469632
1057899637758193664
1056585113419563008
1056359895530946560
1056312192469856258
1055128313990209536
1055788158732918784
1055021014529310721
1054905023363072000
1053638687043567616
1050508720948596741
1053077838516105216
1052932294040870912
1052031889266085890
1051627145477406720
1051485303867883520
1051201328834207744
1050677262058577928
1050724314578870273
853911107496366080
862484769568718848
1050190454816468992
1048846350224379909
1048846344314609664
1048657689176289285
1048656987754569730
1048488962187096065
1018344038955606016
1047336243368009729
1047097955227000832
1046243476629848064
1046768967992455168
1046551509922697217
1046436238427922433
1046120361446727680
1046067948031537153
1045935311493242880
1045706923167887361
1045954519429873664
1045531129812537344
1045501109589094402
1045199897027207169
1043847852869513216
1044060349069168641
1042402029812047873
1041479044716527616
1041380812401385473
1041024127874871302
1040489202419466241
1040404111504465920
1040242677877551104
1039844294830514179
1039878159603298304
1039393359381520390
1039381039997698048
1038939307879280640
1038368904312172544
1038112791226343424
1037864356543750144
919260904180633600
918906894433030144
910219198646898688
908921065140899841
905835271337504770
904102727231393793
904029135948976129
900622207575105537
898420348428754944
898449917156478977
895449363748577280
895094309955006465
895057179316826112
894613118499733504
893804089364148224
892074631691091968
893102158123544577
890024141130223621
888108323056230400
887810000030244864
887805233635745796
886350782639071233
886410614423384064
885772935088279552
883122360005648384
882961630405025792
881476502189203457
880780579154931714
876843411759919105
875897807697301504
875804574094946304
874837609377345538
874511705539215360
873594928273788930
871977122465796096
865779480098426881
870525506290044929
870024006367420417
869610852579659777
868969243567640576
868903345519554561
867419074476871680
867368214686310400
867012076895694849
864730343261196289
864590400161554438
864542469324722176
864540147567734784
864156250367561728
864216754196762625
864119591521406978
