1036201851853713408
1036649379900411905
1036271130246402048
1036223314006630402
1035876936139120640
1036238723795574785
1032549999094194176
1036410948641161216
1036276885922168832
1036264987180888064
1036184457479372800
1036148146311589888
1035508760993775622
1035576705006616576
1035842540451364864
1032125815507410944
1034056452636196864
1031195834514194432
1032500576582422528
1031792128576368640
1031892138479546368
1030021216000651264
1029927793751027712
1029060835145076736
1027855552171450368
1028618854694637572
1028633294454366209
1026397770310144000
1028621282827530240
1026804651491028992
1028181988514189312
1027615503282528256
1027937617327865857
1027269158705274880
1027373933551644674
1026982695954460678
1026634169223467011
1026062748227198976
1026335443284058112
1023402995202097153
1026161695452852224
1024605366540230657
1024931494186369024
1026009311510593536
1024778511830147072
1025350553323360257
1025078176374910976
1024825423144865792
1024938384358223872
1024774908323098624
1024716464731955200
1023843310257860608
1021113920231280640
1021258679071494144
1021020849422372865
1020040579705475073
1019878617130651653
1017234852322660357
1015251984549588997
1016211306687418368
1012774717500088320
1014085483532603392
1013015314211196928
1012744932262543361
1013081687822094336
1012747391764660224
1012745519179935745
1012693891307356163
1012543232608067585
1012170548825284609
1012219144757006337
1010104590082232322
1010511927947165696
1011791686819811328
1011223071062097920
1010091769919229952
1010104953212416000
1009736379486662657
1007699030208667648
1006946820671594496
1005418505221656576
1004766802432454656
1004791097435000833
1004804057326931969
1002977474471329792
1002825097735032832
1002471163405258753
1002497588644536321
1001723872645959680
1001907652895690753
997053794599997440
999989742296010754
999331674134663168
886517560182804480
998999474021298177
997458946494468096
998153090732904448
997529750221434880
998216839741177856
960196479733334017
997250007035269120
997249167511687168
997246568196595713
997208289170649089
997183766257905664
997025858639613952
996524078067539968
993474782044696578
993452993814122496
991879182257881088
990974184334360576
989065987449327621
990952074094538754
989456341935718401
988870414955933696
987220346993553408
987138293744611328
986555804500353030
986465474392285184
986934671761117184
898420348428754944
985700330997350400
984677706318180353
984373058231140353
984413698663034880
984296682111361024
984022327296954368
863142008860422144
982631355736625157
981758553940783109
979109122451783680
979297115515088897
978532864869453825
979111406644559872
978866776841703424
978965363978375169
978293476105342979
978722871517372417
976786789900972032
975159855043502080
978091455574142976
975539112374566912
956485539628244992
975757453794201600
975588489650679808
975024726094569472
972957119770132481
966633004553687041
971788887143211008
971229190333792257
971304905855176704
971232500726095873
971232498901450752
970671244365516800
969234432258437120
965518581541818368
965518507537584128
964547341763186691
964775462626123776
964237400686911488
964265567111741441
964238755900076034
963154713590972417
961055638334750720
960124311074848768
959448753831841792
958709783976140801
958222930596515845
958572935924633600
958079717051166723
957913821762396160
957752663533408256
954927074258534400
953734603331854337
954312673138823168
954161736478744576
953925308650065921
952813156325384192
951376318788243456
951354565437394944
950804409071685632
950314056518455296
949968869711667201
949193175779958784
944016850983071744
945680041802977283
945940786222370816
944145542233382913
944266788891758593
942779056738787331
942587386042523648
942258052991918080
942076857821753344
941103561122951168
940197148561432577
939366498946121728
939426897523458049
939196602253688832
938918548000395266
939185312877527040
937560982083158016
938054099165241344
937675392915296256
936407024677597184
936504676341731328
935158993202360320
935947442276638720
935115393542311937
917015002292391936
929617043522953216
935098017308381185
934950680439214081
928893843793092608
933185483735056385
932576402544779264
932785928111714304
932469827960279042
931195377742643200
930867421396815878
886545897294888961
857580075730046976
928876034904248320
927691363201712129
926333349118877697
926452685603262464
926140566483566592
926226969456467970
925285847490064384
925002664034951168
923394690791063554
924638396127105024
924330426012925952
923459915833925634
923589812044648448
923270690442182657
923274010800074757
923165403622363137
917094709666840577
921016884186767360
920286282986684416
921050582797955072
920721650370449419
920576616560058368
920535418050875392
920121084296404992
920011334179155968
919802309500133376
919626515444363268
908483639968546816
919391750199828480
919259768182771712
919088455405199361
918712654029451265
918596969244831745
918373672326443008
917746142775074816
916679511416168448
916138409793552386
915924379271274496
915771626586824704
846888994873004033
914265272474755072
913438150420238338
913246894457057280
913251676819263488
912948152596123648
912912184350433280
912904814094438400
912730994435817473
912214621053894659
911162531766554624
911166910540259328
910888897235898368
911097863525900288
907089559690739712
910502849490116608
947139805565128704
947142802319609856
947308752688082946
909280761647333376
907913440232181760
908540887789162496
906004259740807168
908295799225929729
907831210797346816
907833065841590272
899450253660659712
899563979688648704
907638730986545152
907707391722053632
907840229633077248
907291729119805443
907366901101289474
907463071857119233
906532796478390272
907157885779574784
907120108966838272
907084069057437697
907070121356566528
906869885480861696
905453075682471936
906021984600858626
904950597714984961
903721544265977856
903257337670103042
903301570137350144
902286114135953410
902341024114147328
902135424918974465
901523703141412864
894854753615728640
900310409214910464
900193449533739010
899982574310875136
899990511531970561
899888875396530176
899632276560121856
898799492987629568
898450197864488960
898173848763244545
898133407397429248
897898320126980096
897640572235677696
896620629146779648
896310679942160384
891923897507094528
895816964823822337
895596539887988736
895177834955776000
877174271264514048
890458503415988224
893065225536012288
892051226946400257
890805352534384640
890471855861223424
890269249792614400
890037834350030848
889851935423176704
889602396728569857
889470166769258497
889725248765022209
889443200137646080
889468702336327680
889562146027294721
889564663469539329
889499163108442112
888007079629344770
887578038648553476
951917240911147008
825294222953582592
887649727646486529
886863658462138368
886802145688911875
886782847255810048
886480423034929152
885105003089850368
883966465531142144
884885164672897024
882037047111831553
882258493662793729
880448161030053888
879977696729497600
877890207588032513
872745605759614976
879347764483764224
877833981005312000
878051993503375360
878081095333429248
877819506986549248
877468421243498497
877011159039090688
876982877031993346
872809147460231168
876830288260861953
875973955106078720
876297924916822016
875260171169087489
872402491580743681
874660777147469824
874529253630631936
868257533240147969
873548394299617280
872670262046666752
872483916137062400
870153851982290944
871579138888486914
870564464025718787
869950707050225664
869430939172179969
869661855224147968
869057627317317632
867116313138823168
869035684274688000
868225266950209536
868364755634974720
867884827768492038
867674161489080320
867976611672477697
867470015083069440
867774821437906947
867640179367882752
867510610363392000
867458460316688388
867367819859578880
867246587075936260
866921710779596801
867020150997954560
866707525336416257
864695497927385088
866406401454727168
863838989329076224
865438960738123777
864192331305668608
1331630001020678146
864210715841843202
1239592782462763018
1216714571119046656
1186144008067792896
1172116192783491074
1166874368854634496
1159101824927969290
1154580401102319616
1154583969532276737
865365638809702402
1085673127579959296
865601699943243777
1018903196771717121
865495079389077504
864553724835966979
957846850110967808
865290640531243009
865080925150957568
842262229374255104
842262361373212672
842262538242859008
842322678883078144
842322905820098560
841943409896116224
842212237037072384
865186914864857089
865288424688934913
864859478197497856
864401094235086848
865112733817155585
863604893667426304
864923938605989888
864833993354727424
864832093825765377
864293365461987328
863562689511075841
1328695225431322627
864533199090622464
1288453562645639168
863631107098419200
863952701096329216
863765739047714816
860359402309599233
863665427960016896
863578605489729537
864397512140099585
864361303262896128
864163659089575936
864337163323822080
864261300339310592
864299373395681280
864112915112120321
864066132176764933
864087838186283009
864089846532505600
864077894854873088
864076288683900928
864065348760330240
864081696269926402
864059314029199362
864077824688259072
864063362321195008
864063530043031552
864065373817188354
864065615329243137
864055205008224257
863192473119666176
864040172467265536
864028872655994880
864020041322434560
864027960281513985
863953932657152000
863705427774668800
863970798368903168
863855138255106049
862996563467153408
863887960403587072
863846246561304577
863831378256953344
863822605589110784
863835354628935680
863608770663817216
862915286919520256
863793219498237952
863723172109066240
863387852276682753
863640043008557056
863712848165216256
863702200123482112
863567867010314240
863622424952098816
863633577455403009
863573501944356864
863652334135525376
863578296646225920
863315869715226624
863614497411543041
863624203660128256
863580065505972224
863551764498395137
863574611702763520
863033727944970240
863605247444430848
863605827965378560
863591998795558912
863576438615797760
863480291859603458
863103832502546432
863420608981458944
863287631504785408
863200896485801984
863291979333066753
863247978978566144
863242415234220032
863012430594625536
863157127757647874
863086736011923456
863052180634337280
862979282708054021
862526867194105856
862911007311757312
862876238343483392
862873870428246017
862854212723417088
862806039099580416
862305015272046592
862792879462371328
862547859127902208
862525870459809792
862291139856125952
858697755723739136
862051373474615296
861925025078808576
861860567178510337
861758997749039106
861799015444344832
861759817978740737
861411513709592578
861155775405735936
859599601363496960
860720787531149313
860381669634781185
860520094933364737
860061765928980480
859408901254656000
859142613181517826
857146970850373634
858955401685020673
858753444034818050
858294318003400704
857794252482289665
857212420342902784
855659315700674561
855125099271393282
854897353895034880
854676734767022080
852871897012457472
852653397840887809
852187402374459394
841174513324838913
851417141425446913
850631070823440384
850576671165919233
849713346500800516
846827333218549760
846940072385630208
844734877232746498
845676674461126656
845117136552968192
844774356983037952
844127283015290881
842175190968627200
833122681394376704
833303880138125313
832926390232170496
832564004484694016
829505101576470528
825626126915665921
819289889288179712
818925092105289733
818758892628963328
816965179653128192
816929954227064832
814086014494982144
813950148242014209
809738446176559104
781663706212028416
802050052797526016
796944033939619840
797149425663610880
789432624926294016
781272048245112832
777054492336328704
771798270590976000
769980426114957312
768472900831764481
758942642516262913
756745015242653697
752423399604051968
747421801718898689
705376537739173888
732743966370619392
735679023255146497
733095175535333376
734285231952429056
733958414188044288
733324608758108160
732784150755741696
732803920477708289
729883120518889472
731328072868200448
723168683510607872
717294549823922176
712235092521787392
710021637521809408
710020845058396160
702338461840384000
710043561518039040
706606569484480512
706864571152261120
702773988104282112
697669422908055552
695083261341478912
695055842819715072
689351352049348608
683212814513762304
685384624982241280
684968542320504833
674633007924285440
674065533709524993
671615807823208448
670589851864072193
669275446912004096
669102931900174338
668114338268491776
665010129272614912
660075512258150400
648556773192953856
653347893038833664
653171187904679936
648598937704595456
647944393903734785
643052763128004608
640517349330825217
639273865177206784
598827987488772097
598946271999627264
599238952344629248
603884319921213440
611300682709233664
613026620316741633
623744080036675584
625577190189445121
628708215178420224
628144764097949696
617582407684730880
615877797085622272
608856603790475264
607839501545820160
604112349302255616
598763478120275968
597244630216921088
593841793592078338
582177697364717568
581829002383503360
581695826373693441
577397829657735168
562152874428596224
1211903719333416961
1210623152654618626
1210667708993429506
1208865687395086336
1208026485799505922
1208000702175469575
1206884049035374593
1192586309925318664
1206121952714383360
1206058305057148928
1204964596093616129
1204463616696688640
1204219343808188417
1204025429142724608
1174882505788293120
1195340676239486977
1121590656873328640
1202902064239693825
1202474066898063360
1193122356828336128
1192951206316052480
1202024144809840640
1192199604189700098
1199906336303173632
1199459326076669952
1198802028564230144
1198760897230983169
1198767188246577152
1198591028774633472
1198518894626926592
1198394741978628097
1056976413104971776
1197896567816151043
1198145591320043520
1197165445402353664
1196605475212546048
1197496314763694082
1197016125717876737
1197240176508055552
1197337081149681664
1196828168109166592
1197042585061089280
1196918772101050368
1197171679954235392
1197170673216417797
1197145260888997889
1197013140732432384
1197032759874613249
1196465840423604225
1196401657673846785
1195954987446214656
1195578702609797120
1195291418098421761
1194763336530874368
1194181794221973504
1194630070851129344
1186300928162324480
1194801402570301441
1194476443771654144
1194558266048684032
1194393532292849669
1194096255942696961
1193749709346811904
1193674706953654273
1193191521471934464
1193311079109218304
1193315976831389699
1193071237016236032
1189145116990009351
1192627579385196544
1192392535026675712
1192384366757892097
1192081935775883270
1191748703205371904
1191918778986237953
1191760319946928130
1191664343202574338
1191544014421610497
1191331799059849216
1191075924567040000
1189748279765954560
1184252265902858241
1189080979027058689
1189407832900161541
1189200653752721408
1188936809033748480
1188808261249781760
1187181725094268928
1186904240951721984
1186670059617316865
1185628339836293120
1185200211439865857
1185130693946413061
1185001302985715719
1184698765111783425
1184478898853015552
1178740688734830593
1126290397611941888
1183642356391862272
1183229113881939969
1171721583590858752
1182038246420877313
1182459681328906240
1178543087561400330
1180964282495713281
1177407388531535872
1180151448723759104
1179318458384822272
1177565127547195392
1178585046208278528
1178655737045610496
1178487107041382405
1177736766083743745
1177887765163208704
1178021370069954561
1177913327869190144
1177814587695079424
1177528081944178689
1177690883224997890
1177582199274713088
1177419430793551878
1104392038211039234
1176679394833682433
1176157167210000384
1176408072857817089
1176398604786794496
1170782108735832064
1174637294986285056
1168469035132030981
1174193571135705088
1174256764826656769
1173668948631609344
1171947355882606594
1096967603132731392
1172540443453607936
1171860488218697730
1172066486820593665
1172128678928666624
1171788677426667520
1172044375561519104
1171986084810625031
1171815669211549696
1171685085147533312
1171704965313814528
1171731151607742465
1171070623214292994
1169913127607181312
1169641341669859329
1169329537965944832
1169460142972252160
1168428261296267265
1168770772011237376
1168609741729226752
1168464086377684992
1168355033756229633
1168472780075085824
1167029128861667328
1167376415660134400
1166938528468656129
1166425145298341892
1164201309261783043
1164201581396578309
1163752956291878912
1163744984232845317
1163814133499699200
1163082426882674688
1162773643228844032
1162729039456550912
1161790601978888193
1161711666876309504
1161562851984781312
1161199973041496064
1156919280186695680
1160568231540776960
1159313335831056384
1158790446899838981
1158913274055815168
1158683155639021570
1158186761777901569
1156163751277735936
1156082229254209536
1156375196758085632
1155575177188642817
1155432732903628801
1155095920599547905
1154978833746911234
1154641114978275328
1154567735432474624
1154584241222475782
1154209758532055041
1153900571226718208
1153526548139409409
1153427028290560000
1151177392708341760
1153102411675967490
1152749967817285633
1051218252951478272
1152121322006351873
1151951048766042115
1151861418423177216
1151358382965710850
1150978363319705601
1151062894211227648
1148519468815003648
1148844731960635395
1148072453995819010
1147839910457618432
1146977032624123907
1146594716299014144
1145980627302453249
1145022165722521606
1144446320872177665
1144425181806358528
1029237461107519488
1144077194341359616
1143630477397581833
1143806103903326210
1143732271821684736
1143624909014360068
1142379227729108993
1140842936046800897
1142960278402813952
1140467867701403651
1142114416281788417
1142112331071152128
1141383956610396165
1140304344165826563
1141621101849731072
1141156394365624320
1141130478801641472
1141304892729880576
1141201624968204288
1141096941046120448
1140558095170453504
1140384350120349697
1139539439280107520
1138262403160977410
1139609341734998016
1139027619976847361
1138759096222584832
1138106449870106624
1138319721839902720
1137246929124044800
1136375077812019203
1136358162380890112
1135918773163085824
1135959416606461953
1133332499843624960
1135833684945362944
1135007335842287616
1134788007989526528
1134043997121290242
1133428527821410304
1134002879101120514
1133688951007531008
1122120901581950976
1133062446795698176
1133064216263311360
1131590754399342592
1132654459224387584
1132688870225657861
1132109802232958976
1131754549260083200
1131589588357713921
1131893159938732032
1131875584164941824
1129282968118284288
1131446113112928256
1131016244612685826
1131193086334386182
1130988222245462017
1130772380228489223
1130541713594961922
1129877909718601735
1130065670346035200
1130002045392449536
1121697233496309760
1129429257338413056
1129515701935460352
1127387918165610496
1128571109631094784
1127504176362213376
1128456718206238723
1117778066233806848
1127922027556429825
1127779320108179456
1127787053473681408
1127892917031395329
1121689102506528770
1122915699951796224
1126114764315402241
1126401418028437505
1126364112085245952
1121818721880821760
1126150088349376518
1125728844898500608
1123392596934578177
1125478616635191296
1125693404896038912
1125464878796496898
1125617206081941504
1125385226425982976
1125303974066888705
1124252095073247232
1121885874323709952
1121826103033778176
1124467284687425537
1124305855938060288
1124237128232206336
1123538528120528896
1123485722164461569
1123785932153532417
1123455867561676801
1123566193795690496
1123505608903159808
1123475784780398592
1123293177207828480
1123234789413326848
1123456249629151239
1123382645461803013
1122791012877791233
1122076694062350336
1121691005575516161
1122000592677691392
1122957577418047488
1123129179531358208
1123130230183464961
1123118692085260288
1122132109227974656
1123002773925244928
1122748232596119552
1122956221433167872
1122611447333187584
1122912191076679680
1122818220702994433
1121798376176046080
1122844988252012544
1121838660138295296
1122772192297660416
1122718035750477824
1122833546119270400
1122405013001785344
1122404843291910144
1122130030258208769
1122771727132397568
1122747738427289600
1121691650357465088
1122735148192153600
1121663517533171712
1121609845768105984
1122520243975409664
1122693163997483019
1122694553167785984
1121711802730127360
1122639731261673472
1121968165162901504
1122459188708306946
1122405497573974016
1120617366273036289
1122470147523006464
1122444117873713152
1122082915012284416
1122415918376570881
1122146783222743040
1122426864251785217
1122402603587891200
1122331148204560384
1122093819363639296
1122161043399225350
1122151220385157126
1121579331573018624
1121708732545675265
1121930032354615296
1122075335779082240
1121734117471793153
1122088584939495424
1122145530837131266
1121737401578082304
1122080603183157248
1122079710471528451
1121996083318743040
1121552663399882753
1121821238295506944
1122086588853436416
1122088247725907969
1121305132568682501
1121889278760562694
1121802202815688706
1121975248809676800
1121963517643509760
1121933073082281985
1121709296557993986
1121193607606804486
1121602297413259264
1121796848723775488
1121671762733719553
1104484022753865728
1121593204271407115
1121831384706965504
1121791602702213121
1121703762656137217
1121675957935300608
1121422377772937216
1121775490984030209
1121477004514222083
1121454680251387904
1121764773023092737
1121566499712507904
1121765749511589888
1121746470816944128
1121609782538985473
1121764354859458561
1121594201010053121
1121602716315205632
1121723391386562560
1121676429874216961
1121325409126076416
1121611792822751232
1121712981279166464
1121451301542354944
1121691101054717952
1121709312177471490
1121685009314664448
1121590844480339973
1121667692937617410
1121676021474791424
1121676189288914944
1121618491369508866
1121329581527642112
1121663367310004225
1121595631393370112
1121644072895012865
1121615070889435136
1121602807105081345
1121251191730638848
1121341196520103936
1121591215676383232
1121489804628119553
1121506675079503874
1121515196667899905
1121513789315321856
1121307094731223040
1121364183587721217
1121443750721409024
1121423026015260673
1121236691627520000
1121395028864245761
1121250364869582849
1121339362686509056
1121372767172145152
1121328616921604096
1121262557942222848
1121252490740142081
1121307856366518273
1121323229291929601
1121286162595893248
1121112354362658817
1121228943967703040
1121035152367529989
1121149815562358784
1121246192279535616
1121236554196721664
1121084284930908160
1121088957540970498
1121079818622103554
1121007646277021697
1121073323218128897
1121040190372552704
1120925335221145600
1120697084951195649
1120918734472982528
1120876850983710721
1120794723436978176
1120634904952180736
1120797328170979331
1120797630081015808
1120811243516977157
1120133425229434883
1120647579975524352
1120485548907552768
1120643480244473857
1120541914481164289
1120589226670809089
1119566137149276161
1119572390302949376
1118847165168795649
1120476898629443584
1120432254071771136
1120454489989898241
1119880971761926144
1120213141747429376
1120220691880497153
1120007098174246912
1120157290340868096
1120149435466444800
1119851093024858113
1119824221348040704
1119927509833773057
1119940711661613056
1119926826451787776
1119897642119700480
1119883704661417984
1119847683655643136
1119869652576894976
1119846741908451328
1119533235837591554
1119165431518904321
1119255189469319173
1119066244794032128
1118952341254721538
1118982721714425856
1119122203491078144
1118909587648851968
1118773023622991877
1118773457209180161
1118849726470938624
1118846404812783617
1118430143494721536
1118654404150878208
1118785745928556544
1118093378695127041
1118200631003455488
1118198779654569984
1118016194571849728
1117818638566940677
1117964773017235456
1117698447807672323
1117782126584369152
1117114008061059072
1115641761798524929
1116151720713834496
1116512405008408579
1116461329970282497
1115941381652877312
1116066822095286272
1109493273574420480
1115617503852392448
1115674934527844353
1115438488273457154
1115171851875934209
1115144051312005120
1108371750327218177
1110795028962701312
1112153696110968834
1114730049314234368
1113580895003336704
1113554213148041216
1113418058855583745
1113466252339683329
1113325774784925696
1113282459389579265
1108319737895739393
1112743679238852608
1108926521563967488
1112647097399066624
1112673626971611137
1112625216310730754
1112349467456483328
1111417686678880257
1111963767343075329
1111857311889453056
1111368095677976592
1111281884766654464
1111194550180200449
1111098837047934976
1111196830153523200
1111249844096696321
1111219658986786816
1110985051825758208
1111177856040599554
1109804189402783744
1110908131318603782
1109888415905050624
1110837198687862784
1110589472561905665
1110179011014127617
1110361665743147009
1110566197035257856
1110092815852281857
1109988545933033472
1110156124580466688
1110160583788236801
1109754863137837056
1110161897142263809
1110173994777538560
1110164252646490112
1110164450823360512
1109634413753700353
1109922683289063424
1109460789541384193
1109954294810398720
1109930979425206273
1109891966878150656
1109873778870366210
1109419301524701184
1109643079873630208
1109478597725769730
1109439356723302400
1109488098856128513
1109737261032198144
1109408232169185280
1109664106838024192
1109449428828594176
1109332688878620672
1109517670246944768
1109459141469208578
1109435264609464320
1109429370932875265
1109295560119463938
1109260613086265345
1109025036130762752
1108952849457639424
1108858396927770624
1108725177943154690
1108305932709179393
1108788869389041665
1108782091918082049
1108728975638102017
1108676269393227776
1108686613985538050
1108434966541750275
1108634605492424704
1108584480338522112
1108569406609616896
1106115525095100417
1108298049594376192
1107898120023826432
1108366332209184768
1108332356857929729
1108355017549864960
1108342418015817729
1108315008172199936
1108301429981143040
1108224771551051781
1108292424491655168
1108295648674107392
1108284583659929600
1108283996440391682
1108276344348205056
1107752852007587842
1107096785116291072
1106814836422397952
1106773921624440832
1106714666246520832
1106443452903055360
1104868932983304192
1105257092879917057
1105513962471342080
1088405750391758848
1105454651766460417
1104643058010857472
1105214341324988417
1104846387160772609
1104831953772138496
1104859069209182208
1105025898716250112
1104850683285696513
1104765934223441923
1104789307431243778
1104766658860728320
1104085129591427074
1104633227652808705
1104580134516998144
1104529802541912065
1104471950963994625
1104323442852147200
1104259430756073474
1104130230870958080
1103973635918831616
1103717068359323658
1103133279404810241
1103573139924140032
1103507670370258944
1103692607056572416
1103589215240114182
1103351188131598339
1103611263685406720
1103613357465120768
1103364625624526849
1103588033243373569
1103522301356765184
1103362153866842112
1103540955758641152
1103535838619676672
1103373209712451584
1103331740662161408
1103490455231258629
1103344417753182208
1103399324174745601
1103361111750033408
1101479968674963456
1103295440626290688
1103199854472376320
1102986300943151105
1102931838006423552
1101550424790847490
1100209163735613440
1100677134236962816
1100313019693834240
1099862147117412352
935518444312776704
1099220710835347456
1098278315989893121
1097902129988153347
1097463237384257537
1097532081603862528
1097443134894759942
1097051230197604352
1096541395492302849
1096401288445808640
1095025337224908806
1093821051434401796
1078557557910921217
1091390177652760577
1091067370293116928
1090601696626073600
1090616796061802496
1090116422842216448
1090152585779064832
1088750432552398848
1089478600225624064
1089070686637879297
1088089024189943810
1088765238026080257
1087697659257909251
1088547616189804545
1088826250452500482
1088630990635962370
1087820197233393669
1087708377168441344
1088689297920847877
1088570408549392385
1088526853156028416
1088126745545461765
1088074720640204801
1087738775684481024
1087759339916587008
1087914826154864640
1087526476419747840
1087159372101369858
1087258498587549696
1086935308032188418
1085393623607402497
1086110963747774465
1085914973648375810
1085598603048034306
1085499061678018560
1085214926258483200
1084884124890849281
1085105243891871744
1085039870253223938
1084676482012729345
1083708980139044864
1083106498404859904
1083230515317166080
1083038429401792512
1083030699714727941
1082894742772281345
1082219364181573632
1080632566829514757
1079387830726676480
1080830407220830208
1080591205384310784
1065267716628594692
1080115551521902601
1077018093279461376
1077248025687478272
1066945395052310528
1076432161119453184
1074538561666498561
1075605604247527424
1075043384186802182
1074823404312764417
1074741771115134976
1074457202923048962
1074686019268689922
1074182669397839872
1074567451524898816
1074521713981964288
1074159748415741959
1073789825415827456
1073767144112996352
1073427452037382144
1073507069330747393
1073308072939057153
1072489079936352258
1073155568058155008
1073125938630717440
1073023447482150913
1072815605709971457
1072499726023565317
1072802128178032640
1072753912703152129
1072439072323485696
1072455367941079041
1072315207438004230
1072593522618982400
1072437741542141952
1072398633931337728
1072193491457982466
1071345077593661441
1071208742320918529
1071124724120465408
1064922062249254912
1070154574042988546
1069862888855273472
1069464486392692736
1068494011487461376
1068581797104095232
1068134720955764738
1068362364389609472
1068291056205266944
1066917274374815745
1067042337577144320
1068131276362702849
1067284869405908995
1067020011716337666
1067652896701861888
1066982915437924352
1067101030402404359
1066711868335509505
1067060601803943936
1063717515942129664
1065817238647857153
1065972713225969664
1065952885484240896
1065570610460459008
1065707064373186561
1065879383670497280
1054619740646400000
1065820005453959168
1064895795688689664
1065520617238261760
1065282675991343105
1064937333320024065
1065103762468028418
1064692070172917760
1057820796251398145
1064876400585424896
1064101923945619457
1064834782293446656
1064832816066641921
1064157974271266816
1064301645847126016
1064002898550378496
1041600098831151104
1063787721582354433
1063427485759651840
1031470392546877440
1063189964639428608
1062817930604371968
1062363204431400965
1062227410089852929
1062132433544343552
1062133024563912704
1061712429846007810
1061731531020996608
1061302467021832193
981564748729847808
1060950253204049920
1061045842294042625
1060102886917660672
1060155764130660353
1060034107370102785
1059746008538636288
1007289789056339968
1059783792599085056
1059656631468941313
1059736303724486656
1059264424077213696
1059618875447242752
1059484739889971200
1059356887538454528
1058712465062551553
1058729867087249408
1058430410223468544
1058140080387379201
1058146942939729925
1057179810030600192
1055492528361889792
1055885025755967488
1055779207270334465
1055640304219549696
1055637683991658496
1055312411094335489
1054988075590393857
1055076816526983168
1052565710319362049
1054565325247639552
1054551946906882049
1054001926201901056
1052625077072728065
1052855327576739840
1052816587617644544
1052627654954901505
1052434779659005952
1052303239096557568
1051693971288678401
1050952984933351424
1024588142899343361
1051077523113537536
1051427530878722048
1051237174950080513
1051095214029299715
1050927440732856320
1051065764235464704
1048384766091911168
1050581926480732160
1050402706106535936
1050414084754219009
1049932072658366464
1049173451972304896
1048027817307459584
1049250458643156992
1048112628982317057
1017370071830880256
1047962578260033536
1046538178952384513
1048145281173393408
1047813203726667777
1046545370061438976
1047517919838707714
1047510415373156352
1047349440233791488
1047234139588644865
1047208768797376512
1046616204553736198
1047041191240454144
1046319394849280001
1045645951044587520
1047001008260485120
1046463464024223745
1046262060366139392
1046663837817155586
1046741888852783106
1046222138405838848
1046483798383374336
1045544972869459968
1046535255145017344
1046466126639755266
1046478542387720193
1006433770583535616
1046320940961935360
1045942277636575232
1045516732868308993
1043410843193565184
1045035830186848256
1045646290363863040
1045470659743105025
1045450757078683648
1045141270811873280
1044738355852980231
1044859174713282560
1044646496774295554
1041115547797278721
1043789511623364608
1044451429103136773
1042752721009483776
1044172751051751424
1043771953293799425
1042626022187909121
1042218056926289920
1043070639295197184
1043071404009185281
1042730062393434112
1042717155291086849
1042687310867968001
1042661082786156544
1042323574768500736
1042253947753250817
1041261739579387905
1042124339766673408
1042248725035331586
1042163963876835329
1041360331493310464
1041585761282228224
1041608985466621953
1041703408506478594
1021370656443813888
1040864543994339328
1040844273468493826
1040858348038615040
1040526789846687744
1039811304737988610
1039683828099559424
1039471665753808896
1039489267318358016
1039410179207585792
1039366238781222917
1035185394369929217
1038518893554401285
1035688391009083394
1037807659221692416
1034425736982147072
1037709632347750400
1036892116507652096
1037213850020524032
1037355591759482881
1036582869609721856
1034316168213934081
1035707337288429569
1035706999701430277
1035422592197386241
1036632257740517376
1036470642214940675
1036182855565463552
1033724922814754817
1035508476611579906
1035802869134491648
1035657430766690305
1035805173195702272
1035526720022040576
1033547252554321922
1035458574502309888
1035293238146592768
1035115422780153856
1030183803195727873
1035046388814372864
1034676077271105538
1034627963088777216
1034304568992063489
1034559123281641473
1034409764258639872
1034341828898615297
1034335924384030720
1034372442259566593
1034382106342969346
1034320534761177089
1034371887353057280
1034341829750095873
1034271714950213634
1034104501664280576
1033793609789833216
1033884102066237440
1033851603986436096
1033755089327083520
1033806378123620352
1032779547987521537
1030545791461535744
1021618908007198721
1029429454261637120
1028959353133584386
1028539037651488768
1028641832400560128
1026999303263408128
1026689677762256896
1011892257010716673
1027109691174920192
1026826320200785920
1026880669023182848
1026771713155985408
1026675233451851777
1026615452825337856
1025680192365363200
1025759892370599937
1025182715308584966
1024908173147291648
1024807258620878849
1024651736890466304
1024169711674617857
1023075797270179841
1015494679981449221
1021697604596498432
1022113960894586882
1021781151239884801
1021381950488051712
1019866147485831168
1020085612597014528
1020151263412056064
1019832977591865344
1019903195491913728
1019216934661844992
1019465711276756992
1017942996850003968
1019425557245673473
1019386268793241600
1019005781209964545
1018866662307717120
1018793627324121093
1018423053687013377
1016538343562043392
1013950529247039488
1017614684105523201
1014248957810302977
1014249945908510720
1017371361365430273
1016132960268046336
1017380726600355845
1017321414108569606
1016211622224941057
1017017683391533057
1017075013739012096
1016850228757004288
1016609209457053696
1016124779768655872
1016507218286469120
1016348813165031426
1016347410602307586
1016247647429013509
1016210359672336384
1016226706284134400
1016087553085145088
1016094555349889027
1016074059719872512
1015722796041687040
1014617920394018816
1014845111690256386
1014598343949815808
1014274842462482432
1013588062821945345
1012780515630383104
1013391772326584320
1013251791318855682
1013236258301202432
1011938294043697152
1013021844000137226
1012804137493331973
1012908633980592128
1012882177456070656
1012342485488717824
1012048423543963649
1012698509005352962
1012685232120762370
1011915707515203584
1012136233403682816
1012199966813519872
1011937363537420289
1012163697077153792
1011636480937287680
1011421320725368839
1010903970905251842
1007563364111749122
1009950343097020417
1009349180140056576
1009349494142619648
1006822113200754692
1007593361362989057
1007268926407860225
985069445340020736
1006687235322806272
1006791374035972096
1006424311299624967
1006370428128985089
1006166837103550465
1006177987937566721
1005799031249883137
1005794717412421633
1006174263005630466
1005817140434296832
1006005600071766016
1006028437520203776
1006027323286675456
1006018027551379456
1006000818410139648
1005802080156598273
1005794911810039808
1005784312606674951
1005800356440227841
1005819968384974850
1005711158165299201
1005374320548438016
1005783165460312064
1002129057847431168
1004404968168701954
1004784987923722240
1004647232820346880
1003657372445958144
1003624341001658370
1003326930920370176
1002837589882097664
1001889824956088320
1002188700380516352
1002115661831835649
1001639425858723841
1001799345262530564
1001800631340986368
998840386650034177
1000614323717206016
998566363869384704
999294327754027013
999611720158105600
999585184596070405
999205599001894912
999142144806797312
993519107726299141
997329589629214720
997117706053738498
997085276806803456
997089619131949056
996952664234643456
996780608129937408
995872697455263744
996656438045913090
996403524480176128
995922857069858816
995921364581339136
995761200620191744
995489253583863810
994912594522791937
994993037511184384
993251903709548544
994913753861971971
994927500718460930
994743328271810561
992286373431263233
993869329501425665
993755004648480768
993490696878346241
993303677917061120
992433015589613568
992037954976731141
992000186741280770
991545317513449473
991568078419849217
991504408113438721
991438975993708545
991174223165992960
990227580740513792
989726574973865984
989620041682489346
990036009038442497
990036897752866823
988832444567773191
989729927053234176
989430055225974785
989354500505845760
988672571783680000
988824904719101954
989004068474441728
988713930808700929
988617574081540097
988283842124533765
987969270482178048
986637493700349961
986612789014822912
986315001630810112
986380013162262529
986169235394052097
984545991167799298
984394196185436160
985113374869499909
985358957261852673
984393890986770433
984852632857661440
984393592256032768
984827049150857216
984354227484090368
984869198798180353
984396702869143552
984774488440098819
984420447646355456
984612345208037376
983333947336744960
984291994091614210
983362168643928067
983278845582245888
983489286996680704
983498029855424512
983441967710433280
983147482375958531
983357204202971136
983309704511160320
983279456289804288
983033570892673024
983125430344605698
982945354650980352
981699455995949056
980958167315238912
981194034495524864
981033554971975680
980744641707360256
981044260907704321
980779172325920769
980748198682812416
979643304445906944
979108184219557888
978197359296425984
978592456336920576
977822004081405952
978325313137598465
978178528935071744
977980958027730944
977857627249102848
977871805397458945
977531761570828288
976558968981147650
976483131355168769
974384614625161218
975641897657159681
975220249355214849
974364596759752704
974435080708947969
974495592322945024
974435166570598405
972683533364989952
973374936420179968
973083731106914304
973186158829211648
970917144623009792
971661773622276096
971716127855292417
970698456250617857
969739225301176320
969671188178903040
969580458676817927
969174171899981830
968426471042797568
969142478157832192
968998575719043072
968910762960916485
968883387296559105
960182266432499712
968628878846521344
967818403250671617
967329550655991810
967396086099804160
967127199525621761
966696251055136771
966274379880509440
965719652994310144
965424583649169408
965445944534863872
965622391689932800
965578978856722432
965373090099318790
964805818691530752
964148623515807749
964270186151870464
962835809442308096
963191145068195840
963109939349684224
963260221052280832
1342938237967298561
1341985080277827585
1341322592922312704
1341291164788469761
1341141397642956800
1341074212505726977
1340998720087855110
1339910930239524866
1336213027662786560
1336143335799611392
1338997304372555776
1338819602252500998
1338770777789718528
1335909219908857858
1338065503986864128
1338075492503740423
1337690510304169984
1337185328726044672
1337366522621288448
1336980507423334401
1336799134465011720
1336109891623084032
1336384808851791875
1336227201725812736
1336248919530090496
1333748010371657730
1336157831645585408
1336045084366823424
1335181638003609607
1334962436714209283
1333810986013380608
1333818957590048775
1333738111025627138
1333244361014960128
1332761176749584385
1332064142916800514
1331648370507657222
1331180989134086145
1325158579901362178
1326512331866599424
1326547733205843969
1326358921104162817
1325082066598260736
1324992486301786112
1324411701215842304
1324085273366568960
1323904719337754625
1323362505515814914
1321902208133275649
1321680159221579776
1321099503391412224
1320641642223853569
1320520750449774594
1319171365467877376
1320246546059780096
1304347922864062464
1318777126259216385
1316952007874351106
1318137702538149888
1318139421418455040
1317252175928520705
1317032278611103745
1313789415244787712
1316156171070304256
1315274189776007168
1314269327760162816
1313916429444550659
1310972609274634240
1312751591104090114
1312398296468480000
1310740132446707714
1310468784457564162
1309419912004157440
1309662923627913216
1308723708094283776
1308735991600107525
1308293325040963584
1307499724199596033
1305543081111027713
1306617535392100357
1307193926776811520
1307245294241722374
1306469360727257088
1306168448561475584
1305457542689161216
1304809745711165440
1303639539362168832
1303700436130525184
1302436325682032640
1302844798181801984
1302544413097295873
1301847714557120512
1301762474715222016
1300355194375434241
1301825258266263553
1300938327835598849
1299199740224045061
1298787448592375808
1298769213767577601
1299850663984115712
1297775798846447616
1263572143624749056
1296643186295799815
1295513261375459328
1295999834038534144
1293942941929680896
1295641070282444800
1294956140690845696
1295290018601111553
1293774282036715523
1291460867867975680
1291325527559680001
1290744586579697664
1290022205670060033
1285213971977469952
1288776387151593475
1286964413036101632
1286806805461442561
1286763584782041088
1286571823782486017
1286109061335769089
1286390631598903297
1285774438961537024
1285977376917270530
1285697496795222018
1285469561731444741
1285566713912799232
1285216921403764737
1285216105208872961
1284063575158513669
1284152338555568128
1284116928018161665
1284117484161789953
1284096800803127297
1283969302966632448
1283831264483647489
1283787613413900288
1283630287918739457
1283445433294036994
1283621643089215489
1281263106925215744
1275591484704796672
1280771542511751168
1278862843333406721
1278976777679863808
1278795584913244160
1277241654261346316
1275999910693748736
1273887457063383040
1274094506082734080
1273900834347118594
1273855530402852864
1273458455907454976
1267254534868316161
1270344456202584070
1270289465093718016
1267800977408745473
1269965579298803713
1269532145468334080
1268522020469452802
1268255675546652672
1262520437566664705
1267603144118202369
1267714359813214208
1242919185719664640
1266643068557484033
1265921503880757248
1265622868869570561
1265339146937212928
1265472545517481984
1265366862272974848
1264803752499916800
1264809348372578304
1260909284444925952
1263882194134560768
1263735629176807424
1263703280523202560
1263228076370071552
1263052483275841538
1262744918927110152
1262442525912113154
1260209873511424001
1260760355896057856
1260796984245415937
1260615792090943489
1260189525990690822
1259766253830336518
1258714009383075841
1259218336606494720
1259317234842972160
1259222309493248001
1259136044718452738
1258800454009450497
1258355085874249729
1258728354322120704
1258547161538506753
1258350869470498823
1258169673532805122
1257673166937341953
1257188206581370887
1257007011822100481
1256946615090380801
1256765420809236480
1256538928267571200
1256357733051191297
1061968163397496832
1256506183764107269
1256201300901081089
1256733977433399296
1256493044121038848
1256342635729518592
1256267596321697793
1255123094294990848
1255180980702203905
1255219986945228802
1255013880331407361
1254799041935876103
1252469306077708289
1253253221654519809
1252510711550316544
1252598970087542788
1251895994461171715
1251437763125116928
1251130602537005058
1250919966582308866
1250605530583912450
1248196961011990530
1247883653075456003
1247463951039959041
1149018570875199494
1245580479719288834
1234742806683348992
1244484403838898176
1243564464634552324
1242458021005012997
1196964171989995520
1241158458638032902
1240712180590432256
1238528519195549698
1236992420971233281
1236557531629174785
1236191363961688065
1235050090764496896
1235618350757220353
1234012263486496773
1235521207107293185
1235415513133506560
1235358384410542082
1234775711992418304
1217436930268250112
1232864436366475268
1232877613120659456
1232935608940716032
1232862920427503618
1232560931776778240
1232379738473152514
1231413368239443968
1231765079156195328
1231594563405520897
1230930188646502400
1230330208319889408
1230899985815867392
1230604844962123778
1230522502474063874
1230341304539918338
1226761640084955136
1228294767932473344
1227434953517846528
1227085506405687296
1216239024139988992
1215974670358286336
1224986578587656192
1225331927579865088
1225331639972225024
1224819934095646722
1223882422481227776
1224229868495241216
1218662211981176832
1217641242646974465
1219913446063509504
1218979700577570818
1219169130932097024
1218481494613774338
1218493067117912064
1218705823930748928
1218412927297785858
1217706449364606977
1217930521570836483
1217759806389391361
1217628799191408642
1217789611751231490
1217831893141508096
1217681693018071041
1217691902390292480
1217710746403995648
1217304665722720256
1217098354213183489
1216755567491977218
1215900724019810305
1215469456912277505
1214575046749913094
1214257746935197696
1214275124213497857
1212025051802935298
1212543599113625601
1212219002723983360
1577365473171226625
1530153353832955904
1527119129265815555
1501713197870596096
990744199724257280
1394728262362882051
1366572721073754112
1342765927620816896
1310987778415624193
1300390127643037696
1204732197065777153
1171710966435729409
1159989368842571776
1121323324460683265
1046100234638635015
896998576945057792
656248405417697280
656142753714294784
558012592766345217
1238069720512897030
1224057464150200320
385600410352095232
797736038688964608
797586541581307904
797319518544596992
796354336070701056
796050934677864449
794121982568763392
795541052061024256
795380970660786176
794605017986695168
794177425026482177
794155891012403200
787750187234189316
782077326158856192
793253488675336193
790547734524821504
791238381585870848
790151170044071936
789716709502554112
788338573711769601
787250459513872384
788947333555757056
788561075553742849
788396728919531521
787552460651032576
787512082283438080
786874518350495744
786196987343347713
785727219721183232
783265154591055873
784311616909168640
783642615707213825
782925134910730241
783235124582318080
775788651934519296
781687525110931457
781959822954594308
781694807349440512
780746942007607297
781720002676330496
781711213545787392
780529482146906112
780825595374690308
778052314586353664
778359464810250240
778334833755947013
778203817896734720
775128580070248448
775499991272026112
775411018726006784
776061583319445504
773730402884280321
775101013061693445
775234453249613824
775462421909516288
775410011329667072
775327019135537153
773802666812137472
773064495010832384
773176606328295425
772794866967412739
770846043177115648
766750118641078272
770784800986714112
771168169503301632
771013492057006080
770674606185349121
723018328248176642
766769203470753792
762107599772872704
750330084251185152
768877014786990085
768342475794702336
768691851100577792
765277066992324608
768488110858665984
768353983618572288
768299180058042368
767024802502615040
766268014698328064
761458030164578304
766134040793608192
766183100657393664
765494413703327744
764235665965973504
764966695576358913
764518670165041153
760301819356667905
763623043746979841
762062937313931264
762673434723774464
762321195823947777
761223050268377088
761208341108559872
760363818266624004
760703232834408448
759376176859217920
760363599537836032
758756649288904704
758500050582528000
753096010377879552
757310166366773248
756036024434696192
754922505652109312
754845539544498176
754438119118737408
754054697833594881
745471942627459073
751324789478944768
752043578583494657
751994898161643520
751033513525252097
750936396102152192
750867810243448832
750719759944212482
598523808203546624
749832133674401792
747184756077527040
747441961737531392
746989757410877440
746413910136360960
746158425248272384
746200556008443904
744108131341451264
744802006359957505
744157741770383360
744919840251609089
744798767958765569
744549167754686464
744511831918714881
744351132663742464
744161933155151872
743058806406516740
743048254569357317
743047991213203456
743058254738030594
743048254678437888
743048254695178240
742194385127759873
740613568916262912
741190145068654592
740342891877273600
740009705465077762
739760996512735232
740128887879827457
740065141186801664
739087441483563008
739381781565038592
739298112548655105
739305631727947776
736223736219586560
737495648069517315
732732112843870209
735485447724519424
734832644236660738
735834910393405440
735358775541010433
735307234968735744
735318761746661380
733363965770772481
732376674243842048
732983553387069440
732376670238326786
732402349809917952
732376672314494977
732325819754778625
730664584760168448
729581748976259072
730325721122541568
729913917195968512
729905449529643008
729898904381181952
729690542863454209
729132511054446592
727807566986792961
726043750183608320
728779151268786176
728135940519043077
728493162243698689
728061450904690688
728306776362225664
728162261563383808
727635249186934784
724491901303398401
727710743592878080
727643431720259584
727346675925184512
725882611026006020
726188384151048192
725715932216213512
725682628045737984
723333019193352193
724302816983027712
723560493613502464
722088049383899136
720642629537370112
717618754121760768
716951347644354560
718460126743674881
704241050836180993
715924014057832448
714872483287924736
714253123913580544
713009743326027776
711250035372126208
710467146766262272
708304051419668480
709516831527149568
708538641887330304
708217544289755136
708117976780824576
706783976178847745
699286108522287104
706401308094373888
706067036364021760
704491277920899074
704422816632979456
704139042653274112
700928370717032448
689988311616733184
702607109448290304
702127399320870913
700708187888943104
700860561714614272
700594537870266368
699299971212955648
700125981030248448
700220062708273152
700120802323206144
699885277666529280
699380532984078336
1501772359551709189
1501775112353189892
1501775114525810688
1501775239453167617
1500117740333543427
1039383638801035266
1499437871584927747
1498410708396122123
1194234355075493888
1494839369051557891
1494376832413618182
1494007945323032580
1492760635779653634
1492469534086860800
1491694669951954945
1492087214783832066
1491275605869948930
1490285573847855107
1489590457084510210
1487892700846342151
1486760838392209412
1485663797419417600
1484512752383188994
1483364035726692353
1483090371165016065
1481202643137708032
1479848131638427649
1479508116077047808
1478734027074912256
1261444402360324096
1479013760828276736
1478850327524823044
1478510107604488193
1478568988737425409
1478380289290571779
1478368942729183238
1469571168189353986
1469571546855337988
1471384226805448706
1471395768540200960
1472497372227936258
1471020303556149249
1470740365648941061
1470659938632486914
1470663276438736900
1470298191396425731
1469934366373597194
1468851618896617472
1468859462618386437
1469937065982844935
1454744604516003840
1468482080220672000
1468487012986593281
1469237902529945602
1468153589000716290
1468125064243859458
1467761635213582336
1467782063890001921
1467497262830190595
1467399376100556805
1467429301461028866
1466314291435372550
1466320877461532672
1465950522662264837
1465979541315198978
1465834623414374400
1465588314698928128
1465593054673489920
1464942436820533251
1465225098932150272
1463775993622052869
1465037762457915395
1456627384355016704
1464883977702068229
1464862448670892034
1463782727711342597
1464575498978095106
1463752110693134342
1463049646415224834
1463051706682466308
1461277532041396225
1462323397774426118
1462324259829735425
1462698799214870531
1462686417251979266
1460915262602072066
1461238130493861892
1460875004187484160
1460511371150479362
1460555814255611906
1460153049176027146
1460158589797076992
1458716544083636224
1458776805276631047
1458030259861917696
1458700694303780865
1458339188307288070
1458341886247243779
1458001385040056324
1457276615352852488
1457302373781618690
1457614559209037825
1457630349891153922
1457977909256331265
1457737582595428352
1456181433274359809
1456186063609909250
1456195636911611907
1455801392124342272
1455844620471046144
1455617847921561606
1455441016417366020
1455462706526425088
1455075889612574721
1455087046331179013
1454714001259122692
1453608114180268037
1453632284251279363
1453629615566643202
1453297394850873350
1453263828121227265
1452906890732703744
1452911286463959040
1452980950355390467
1452663797005656068
1452567746278010886
1452539585251184644
1452364472169820162
1451107868279771136
1449569481127186436
1450447705344520198
1450729584312389634
1450738084295884802
1450382316728111104
1450367897935691777
1450144679471816704
1450003041483120641
1450009197559615489
1449641711387435012
1449638821079965697
1448558336690040832
1448554757841379335
1448192455606738945
1448244252585119747
1447830175157194753
1447877966013288453
1447518998220976133
1447474055070855175
1447103352647700480
1447135443468918785
290930471003648000
1446018823732224003
1446042950820143106
1445695346097606658
1445653447454253057
1445321643191062528
1445291614054846466
1444947967157288961
1444941305004445696
1444629021992669184
1444569531490439174
1444597421112184832
1443490185627439106
1443489266533871619
1441752104348045314
1443128542104064002
1442755917720739840
1442762431151886336
1443120466240151557
1028236330738700290
1442080085905797128
1442560141258330114
1442391651549204483
1442402465870237697
1442028636844937219
1442032018657849344
1440945044521897986
1441145990766120960
1441059098338992130
1440584519413731335
1440820349310881792
1437700900781314048
1440219206822232067
1440014393522081792
1439855408521359360
1439552156504412161
1439494933224861699
1439301984431923202
1438409458074390530
1438049014428184577
1438047727397523457
1438408312433913859
1437243468997296132
1437692899106381825
1437682014312976385
1435179550271426563
1437320895811493888
1437322350798774276
1436922986284544002
1436958774632275969
1436981717332594690
1436872860962680836
1436589401040064514
1435872407512887296
1435889334557855746
1435516000598777863
1435519436895686657
1435511056453996546
1435157273463169025
1435151549790031875
1435138439540846594
1434786353150054401
1434789581921132549
1434424247741566978
1434422695060549635
1433997044692127746
1433725685340778520
1433798151396265992
1433336041893679105
1433349574362648581
1433339096659865600
1432975200828674048
1432971671162560512
1430926762825953281
1432613364966952966
1432607857984245772
1426124631132446722
1432247957823361026
1432258094386622466
1431890821494685698
1430518904258916357
1431887038488334338
1121744379671195649
1431007960382296072
1430804884299862019
1430798135249580033
1430370283790094336
1430438031320928256
1430436799659249671
1430262414843523075
1430085064134512645
1429346585281024001
1429367527520489474
1429715791298011139
1430074116103499777
1429711411123392529
1424715400940511233
1420305538051674116
1424680082870726658
1426060668197908482
1426110897861312513
1426065476208181252
1426099924748353539
1426075718212014081
1426052534934851586
1426064485480079364
1422873015398789121
1423192609128947715
1423193284554461185
1423202197765083136
1384048365458006021
1422988204005859334
1422840285495762949
1422840975722954755
1422528138278539264
1422415513712578569
1422415500005490690
1422507137092161536
1422509629980938242
1422511581762572288
1422422568045269033
1422422584809902106
1422499650649591830
1422471451450486811
1422471114614321182
1422499198868525079
1422415457500418049
1422462190423060486
1422456952035160088
1419925764972158979
1419929714270089218
1420287139535785986
1420651271653138432
1420654368303599621
1420673242935746561
1422099255959957511
1422119835119624194
1421892803630669824
1421745112242135040
1421736740587405313
1420149499394236417
1420021153918193664
1419569268052701184
1419564398293798912
1419198467608621057
1419202422434639874
1418043119841513474
1415580886037368834
1416793239231860742
1415857189571473409
1415585260570509319
1415578314903670784
1415225049754210310
1415213622259716097
1414888552530255872
1414933478873894917
1414856144347045889
1414495757399257089
1414493924761038851
1413121743049281541
1414137924627488771
1414127578311315456
1413040797331562497
1413048726269022217
1413114870560477187
1412677870107824129
1412691410591961096
1412283368251682816
1412320377070444547
1412279583987015683
1412317203332927493
1411962664473960448
1411961014887731200
1411601312022601728
1411596392745738240
1409055719937167360
1409061775555760134
1409416217824165890
1409421223537176584
1409741870138286083
1409777890544209923
1410139205603409921
1410502584662638593
1410507788967632900
1410458512732397568
1410145888039702531
1409781441483915266
1409375302439116804
1409225331878383621
1409272795188527107
1409125603370930188
1408538551927689220
1407965934158069768
1408022427884457986
1399634712545669125
1407620233389563904
1407606463535661058
1407570958286671879
1407242077633712132
1407245407818858501
1407292323734642688
1407215540498743302
1406883451521978370
1405812780729466881
1406880352543596544
1406601246971252744
1406768318564995080
1406529225532887040
1406517864627068929
1405077842648604673
1405936860891844608
1406015368791986178
1405431138328494081
1405444698941104136
1405069220967223299
1404717879782744067
1404704913909764096
1404347885643354115
1404340603224309760
1404001078224592902
1403980903760777219
1403484355549229057
1403397106392567808
1403237763877638144
1402898033528954881
1402568441421189121
1402894122189471750
1402573306356809728
1402571799343161346
1402543529323343872
1402530364707508226
1402168033104257038
1402173216035115010
1401806681688924162
1401809873885609986
1401859815849304064
1401450621723713536
1400818908282724352
1401444995379380224
1400356601463291907
1400364136597446656
1399995085136277504
1400268484974682114
1399991410816847872
1399640786241830912
1395284499857031168
1395290678771466240
1396372643675312128
1396373011385700354
1396732731950829568
1397093734370750466
1397099531846696965
1397459861902856194
1397482293795696640
1397820792285577216
1397822863659335681
1398911075601485824
1398912805257023490
1399268146985439235
1399273300065411074
1398232697500311553
1395202402043707393
1397465235016011777
1396881674676449280
1396735917453455361
1394924004364984322
1394925372261687300
1394650152661524481
1394628791440453640
1394249086686142466
1394561442570031106
1394562496200073220
1394198042656530433
1394198942032830464
1394242059955892225
1393833857837944832
1393837496841220100
1389912828614791177
1392031338950131717
1392025486419578884
1392283384395804682
1391694126773587969
1391661950812266498
1391676606431772680
1391302247934480385
1391295661224562689
1390562246879764481
1390227597343219715
1390211111073497091
1389849321080766466
1389858953820053504
1389507684446007299
1389758122084818947
1389757648778715140
1389487021895323653
1389124503695884301
1389131200854315010
1388429391093506052
1388848843907809281
1388786146159644673
1388764522802946050
1387675501993467904
1387689622440857601
1387323205434568705
1387324141611589634
1386949690713804809
1386956215633154049
1386585913552216066
1385424492525142022
1386593165143064581
1386357390849630209
1386222796527837186
1386239110021586947
1374009815282900996
1385150599629623296
1385138686354939904
1384774870937088001
1384777551994925057
1384412533243539456
1384420568804569088
1384062139506192386
1384008884675694595
1383969773105516550
1383684356259008515
1383697853285945359
1382774668613070849
1382603920040599553
1382609058407067650
1382247876835766272
1382265579076153349
1382251210279821313
1381873470544474114
1381881782098870275
1375005245646983169
1381523570812022785
1381511816686096384
1381152583004254210
1381158440211410946
1380071185916960769
1038940561506324480
1380062646498562050
1379723615965356032
1379368983002943489
1379364368333295616
1378979994802790400
1378978249645113345
1378616045645266950
1378615243182632962
1377180462657888259
1377180649564467200
1377530332484931587
1377530783175430146
1378450215829639168
1377686149255159809
1377622551938105349
1377324244623708161
1376803269096390665
1376803908903960578
1376442875546849282
1376442428689948674
1376088650707001346
1376335320631808000
1376080335428009984
1374989194305679360
1375000093548494852
1375525207838842881
1375458582938931202
1375383871697657856
1375375246153420803
1375106020163395596
1361210454555648006
1374637609700429824
1374629034722787329
1374277565175709698
1373903253927309312
1373906142880010241
1374265197066645506
1372502257560870917
1372454296101531650
1372463579170017280
1373448837537275904
1373545401970724867
1373548731728080901
1373209616771858437
1372954069216735232
1372658130316890117
1372102035705888768
1372093094099828736
1371736530545426437
1371739677049360385
1371367926163443713
1371379861080702978
1371005288447361024
1371012236353933317
1369920793396793347
1369926527677239296
1369994572319895553
1370371319787835398
1369851627000057856
1369566746617778179
1369566893028302848
1369200670226661376
1369205890180595718
1368929468090376197
1368832830403395591
1368837815572791298
1368467769688268801
1368470557314932763
1368438912830627841
1367383367197609984
1367397352760344576
1367021370463444992
1367025948030287872
1366658501989330945
1366665002686558210
1365938772844675075
1365944236856770565
1366300816785637379
1366312260658814981
1364484482657628161
1364855992245252096
1364845519399452675
1364477816952217603
1364129299159203841
1364134489799147522
1363766772382457856
1363758193093074946
1363398395495243776
1363409437839400965
1362316917768388610
1362385667112792074
1362312192012541952
1362312746608525332
1362048624801312769
1361896617788473347
1361942597774831623
1361954579827548160
1361594584816574468
1361598614057984006
1361579742131081218
1361225678377672704
1361217380878323712
1360862072888832000
1360870123096137729
1360547824472117250
1360203972913606658
1359776193386598400
1359772074353557504
1359418803835256832
1359409355897077761
1359417995374833666
1359083170830962688
1359047539958415360
1359045301600989189
1358330811460837376
1358321789194145792
1358939075185631233
1358878774331396097
1358691591976849409
1358695543384518662
1357237785334341632
1357621119377764352
1356873841570635778
1356882748959555584
1357234002663510018
1356827903607115778
1356520536025792513
1356516335119958016
1356418137978265602
1356148589190393857
1356157927560794114
1356299648894455811
1355777806500851714
1355951513202552837
1355788705731129345
1355555164686413826
1354696431785930758
1354702977693605888
1354349676930232321
1354353510159167488
1353755071893409797
1353975861586915329
1353983316974776320
1353608163635982336
1353615615181934593
1353257727204724736
1353271045369835520
1353098785325510658
1353099285773090823
1294229665188425729
1352527242857951232
1352173617052839936
1352164198516711424
1351798268381036545
1351813003835027456
1351071506810462210
1351081530832130049
1351441195134824449
1351444768983838720
1350659108853088256
1350718076875120640
1350725755261607936
1350721019284230145
1349427307862228993
1350212786182352897
1233887016544329728
1347521405294960640
1341651022553473025
1340597820361830401
1339918391595978753
1339820350767554560
1339474747252477952
1339480849293709314
1339127789857988610
1338763266512785409
1338752712016601098
1338412757155188738
1338412091988992001
1338024078045827073
1338031848170065921
1336777272892608512
1336588401412349955
1336947966620430341
1336945422552756224
1336211695988068353
1336216561074532354
1335847276426784769
1335855007808229377
1335495469263446016
1335499553005572097
1335185951023386625
1334436148840632321
1334403947914809346
1334137229783011331
1334042698903400449
1334038014394249217
1333688686303727616
1333315493780918272
1333675841809772551
1333333338849947649
1332954952306745345
1332968343721086976
1332165647447461890
1332244392455835648
1331872934483423234
1331864535909666818
1331504826576998400
1331524405697142789
1331162435009589248
1323902874661851140
1331149934670778371
1330802322205761536
1330782913789636610
1330418515271180292
1330413462812495872
1330411488352333826
1329332035496914947
1329341940484206592
1328978751405707264
1329159338947207171
1329090451509444614
1328665544854302722
1170728754336935936
1328605699811790849
1328602099786141696
1326444780172308481
1328254921607622657
1328270462447652867
1328387458652925954
1327881849327267840
1327888687363993600
1326796053757169670
1326811818908667904
1318541292758913025
1326438399033679872
1326418077765029895
1326174550053298177
1326086701341618177
1326092863990534145
1326069956216295426
1325710045628276736
1325719687250980864
1325340817347776513
1325352887715835905
1325124932750073857
1324412676651450369
1324553611955834880
1324640807153000449
1324471086306656256
1324396763407618048
1324545278582624261
1324256935479332866
1324263834308218880
1324152711634444290
1323904835897479168
1323976299757641730
1323892179652272128
1323545973289791489
1323164288782139392
1323174942565928961
1322813714228195336
1322893781566447616
1322816508427382784
1321368558673285121
1321014029872189446
1321051517437177860
1320632318810271744
1320635937915838464
1320572062226927619
1320272635960414208
1319190386636705792
1319672564361400322
1317115516134346755
1319188665336238082
1318907932612780038
1318831904192421891
1318491905282461696
1318469503412400133
1318102738933350401
1317748977912238080
1316686629373968384
1316726086445793281
1316657122386612230
1316295185748439040
1315929055095599104
1315562919128707072
1315209470889340929
1313455142390370305
1312673415350845440
1311580445876903936
1311218176059998208
1310856663671492609
1310493856589283329
1310127232673894401
1309762390368686092
1309539531516006401
1308680378366996481
1309042683768451072
1251373608284442624
1246987660213837826
1308313342101147649
1306914614228254724
1307957332601720833
1307711164894371843
1306782085395427329
1307593712617377795
1085394950001475589
1146266141377146881
1306508208064868357
1305954884764733440
1306141476636762113
1305781817136558081
1305505125994299393
1305411607846154240
1305076732014272513
1304438069496512513
1303975966243344386
1301552031312818177
947760000650186752
1303672158527410176
1303600187185729537
1303434194362806275
1303249022623285253
1302885204063850496
1302184701877202945
1302592538738659330
1302612909323767808
1302523631419961344
1252372499062337539
1301433499082129408
1301304397205368833
1301064992914108416
1300826283941732353
1300773035499229191
1300703402272452608
1299987954572685318
1300343231331422211
1300190114849619969
1299972623258902528
1284096439971459074
1298895682649108480
1298542109243449345
1298170749983678464
1297809668929138689
1048658529467297792
1295558676921499648
1295552382735020032
1295637149316976641
1202796063830228992
1291922621412585472
1291719519891787783
1291876784376549377
1291701534720393218
1291745116370227202
1288817656057995264
1281265488534949892
1279399630183301121
1279124015962095617
1277934185483661312
1278123894386245632
1275879911069061121
1266561298638278661
1275849691729723401
1275819988499091456
1275826400826556416
1271462652842143744
1271136482045165568
1271063198515560448
1270276545966485505
1083677395159314432
1266771353811718144
1262170764935036929
1265695889521344518
1262709439582425089
1264980068767588352
1264729778650783744
1264262353782296577
1264253406736265218
1263246235714150402
1259844525603926017
1262290265085075457
1260901527725772800
1260361134625841154
1260662938668617728
1259913300151644160
1259725508813651968
1259468307486453761
1259017446825967620
1258969292189470720
1257535735789486081
1256270803114561538
1253943584400617473
1250708445004804096
1247516979654582274
1243189270719770627
1243622567098933248
1244572604054278145
1240720157980282880
1238462233832816640
1237797496979705857
1236834211698479104
1235124964669317120
1233646486526754817
1233445900900536321
1231493529983234049
1231230598167113728
1186755733242597376
1228245766155776001
1227611710472806400
1227313825864671237
1223240118284312577
1223517439109074946
1222577189843062789
1152327872444420096
1220755968700534784
1217126393152266240
1216829921856761857
1206007448114479104
1213819868300152832
1202575053872910337
1207723130338324482
1205345136198053888
1200421268715126784
1203298892600602624
1204182712564752384
1204062335616323587
1203957572782448641
1203739017029783554
1202935724238090241
1202866698979704832
1202830893036912640
1202754527918743552
1202392141047226369
1201470688688852992
1200757620124135424
1200403589916528640
1198799721646526465
1199657739926024192
1198262368528060417
1196582269030322177
1193247382961577986
1192492331620085761
1190326401121038336
1189884785923108865
1188799163917578240
1187798526731997190
1186883847973150722
1186579081980190720
1186633714614312960
1186580263360442369
1186913797208006656
1186544432910340098
1186612245171707904
1186695951014072320
1186541104579121152
1019437409044455426
1186281208055042048
1185537166312538113
1184378498837831681
1184052517006725120
1183297307481124864
1182525271829819392
1179680122187735040
1178658350835392513
1178679776397189120
1178690675224846337
1178694242366980101
1178921956172804097
1178698265761595392
1176828259104886784
1176141788995891200
1174294732450615296
1174210469361520640
1173009257819770881
1173236362939523072
1173223783269900290
1172671478925615105
1171543875011301377
1170014228926722049
1168940152896573442
1168598439032233985
1168425042075688960
1167001007177572352
1166066260607688705
1164311324060475393
1163202173800308737
1161790483825168384
1150741072592670721
1161618173105496070
1160438438446813184
1159122898994511872
1159578044467752974
1158432688128139264
1145806018217046016
1154407046206373890
1151748467519348738
1148922855968714752
1149466536094007296
1149318962913710081
1148909352033689600
1148879504997277696
1148774661485785088
1148526383850827776
1147043736385458177
1146181971615207424
1145978102348165121
1146052613219201024
1145714910048980997
1145605600321122304
1142734397658955776
562222444015284224
1143430905010110465
1143417494935363589
1143083521789112320
1141389669525053441
1141278783091040257
1139548121703354368
1139153011530485760
1136628422254440448
1133770312020090882
1132987214781177858
1123835775680942080
1126102757012836352
1130544363682058241
1128831630766821376
1129448953735471104
1127020497248575490
1127052716310769664
1128933253283344384
1128260365056266240
1127934153641611264
1121261953098362880
1127604477979021312
1126206631312789505
1125619054159454209
1125384775060086784
1124665282637783041
1124304671420637184
1124262413677809664
1124261809563799554
1123227342468460545
1123914062088343552
1123316909158563842
1123261063779143680
1123534752148074496
1122930029112041473
1121340274012110848
1121701271340187648
1122351326569074694
1121997795873845249
1121827026846060545
1121672824337260545
1121411538793967618
1121439996098023424
1115971755137470464
1120631289290346496
1120348036922793984
1119271484931944449
1118872768655908865
1117737659034738690
1116966541772324864
1116760595695489025
1116406520932122624
1115209111656910848
1113725159184068608
1111066623526477824
1113105110165610502
1111140397265416192
1110849206481088513
1110985190082523137
1110567459306852356
1110572312997302278
1110291887942975488
1110558048295231494
1110551107368091649
1109641523136729088
1109642161497108480
1109707148748046336
1109715360817782784
1109322416843481088
1109494070618013696
1109439228407173127
1108994598028886018
1108699985137360896
1108636463279849474
1108705847704727552
1108347211535040512
1108348538063388673
1108338285611491329
1108267946114060288
1107612928574935040
1107786111332438016
1107817946993315841
1107592984810409984
1107591097281318912
1105399769265070086
1098613130920222721
1105121365256998913
1104802410294374407
1104452996245598208
1104645006382559232
1103996139668492288
1103585578757513216
1102033355162284033
1100820483921055744
1098635990397263877
1098637226118995974
1098166388173230080
1087680547126722560
1095687406781644800
1093649120617734146
1093045415807729664
1093101825266462720
1090962659758014466
1088862502849458176
1088565469332865024
1083242990146150400
1086307999407316992
1086219685807513601
1085842785352085504
1085381142864371712
1084969310269947904
1083790866651713536
1083472391269838848
1083320701824745472
1083197508829003776
1083293006269214720
1082606469424603137
1081837672405053441
860009527675990016
1076468007365431296
1074953150765981701
1070180282865569792
1069539311605956615
1067802198275473408
1068527428933431297
1053815243711881216
1067822883026685953
1065128115633094657
1067296476357783552
1066775613829275650
1065267045389008896
1064093665717616641
1064099582731329536
1061198142836600833
1056844306558971904
1060888754737561601
1059933434016161797
1058401553969827841
1060101967232618496
1060492136267898880
1059475077585100800
1059532172032425984
1059749537949016064
1058814762547433472
1058496982065369088
1057617066629443584
1057261764365242368
1057009613193834496
1057218670752088064
1056418061610311680
1055043724512759809
1055250263232122880
1055149803678638083
1054004076231434242
1052393284201472000
1052844245189443584
1052263415844986880
1051792979428487168
1052134320545050624
1051107729576783875
1042099200740261893
1048493553733816320
1047103907267301377
1046783179259023361
1046296415125696512
1046523673841143808
1045715986232487937
1044523255380549632
1044157240691716102
1043443047566962688
1043041605538795520
1042095307063009281
1042065771176886272
1041480106051559424
1040318949643243520
1038662222501871616
919526610344308736
918992918911815682
918696416884563968
917362827945500672
917299597378248704
916726722334097409
915932531463204864
916321096126926850
915645262810554370
915931249981689856
915856838649712640
915667920587563009
915615248186474497
915473607089934336
915474359619375105
913115504071585793
914163894943453184
914882800150614018
914888288867057669
912973760596205568
913568287333552128
913310215390380032
913319357240967168
912671026831659008
912603265426186240
911879156845236224
911787383775023106
911071543266029568
910003258915045376
908720436481024000
903150369412440064
909250506882797569
909304232003690497
908666592837369856
908399491946041345
908038838261448704
697493927746760704
906156859786235909
906389764470800384
907212630560997377
905479467069579264
905674791004151808
905872168059330560
898480956721508352
905793835460157440
904676279835873280
903585874029535232
903281968233754625
901368675407728640
900378176148393984
899098998291681281
896607091577823232
865045267837571072
899464905337839616
898618220545851392
895449363748577280
895657507410006016
896929130247200768
896830153724223491
896693547138772992
875229535117217793
896364926687518721
895866418524069888
895618327074279425
896008267931033600
895094309955006465
895243531924779008
895310698485616640
895174470083719168
895170763589918720
895144975528189954
895093396087468032
894773209022685185
894742519098908673
892678864576565248
892704853809672192
892426175775113216
892064273719070720
871977122465796096
885977128680005635
887752115187097600
888191642943066117
888059583561957378
887661076485218306
885949025882701825
887007680350605313
887076063980904448
886996978659414019
885281403256156160
886696460733034496
886324847768424449
886192455800037376
886313307380097024
886145022667698176
886190726559784960
885678870506217477
885325635647926273
885032829029163008
885222262223376385
885158339587575808
885121601397809153
885020574883491840
885027029686640640
882983010743627778
883651477633470467
883205962936442880
882709106448117762
883146056338292736
882664876845477889
881987694536122368
880286522653646849
881564932088762368
880853556437430272
878285065830121476
879560449141985281
879559659266420736
878282662460276736
876678007364046848
875900151109480448
875707041452404736
875714596295786497
874236376283316224
874959549802848256
874461436143181825
874529369011744768
874142946442063872
874243236142866432
872824218701975553
870829895642791938
870724201027645445
870656045194129408
870518355647537152
870282271898644480
870301553873346561
870309250383216640
870208304760459264
870024169253208064
870083914655830016
869987394786922497
869952296716783617
869949717630812160
869962318922338308
869310288952139776
869317450466299904
869474734286790656
863670082353999872
869245426913996800
868442557134405632
863451480308670465
867833873018892289
864087617893146624
867589568991809536
866364818118377473
867074171112738816
864216754196762625
866585443822915584
864317288568176640
865982229490651136
865973432680419329
865970420046077953
863781041693224960
865528575234985988
863833721744609282
864896402127822850
865529597676339202
864890777683603457
865247417909657600
865097413551419392
863651616762802180
864516596991234048
863590973389111296
865107169741606912
865089439386742786
865089355383263232
863576799011385344
864710815781445632
864824682805043202
864915959802417155
864898262033199104
864835483871965184
864772228155678724
864435006785155072
864715864951730177
864491094574321664
863666475181146112
864476982653878272
863745773975986181
864191275951505409
864199907841896450
863597236273401856
864310384643252224
864044705222238210
864165388174725126
864230408581500928
864190501163081728
863523014729760769
864223475841544192
864186373988855809
