1144051137890275329
1143673006578786304
1143645805921886208
1143621733011922944
1140391324576649216
1141296501496270848
1141660103088599040
1141846452882137089
1142024173084008448
1142203091569139713
1142390731966861312
1140754433438937088
1143086561485119488
1141478162720677888
1141952349075755008
1141116145635717120
1141295808681271297
1139169102029873152
1140215042635259904
1140574736319053824
1137853920573739009
1140733232926855169
1140615600814866434
1140583402271195137
1140240146152873984
1139856719813599232
1140028839118028800
1139124995362136064
1138763081033535488
1139300479131770880
1139665514777571328
1138217644832616454
1139944775887589376
1138951466507333632
1138581854745812992
1136773960689901568
1139484617172537345
1137312602004975619
1139111629264756736
1138774373844836353
1138662428034703363
1137493337894637569
1125349291726237696
1138039070100058112
1138024687055728640
1137672612123893761
1103637823448444928
1129676335524114432
1137780030459785216
1136581224518934528
1136222980579647488
1136587364027920387
1137130956756643840
1013530423140409344
1136409600196898817
1136719559518498818
889515521602985984
1136046991069155330
1136053519444848642
1129339995330830336
1135380621516333058
1135577427629858816
1134139295252377600
1134323659105980416
1134074581822689281
1133912673458933761
1134039010375032832
1133601842112237568
1132985398643138560
1130494225114705920
1101077327822303232
1133268325834809344
1132647312772272128
1132903406828445697
1130137573706174465
926842322087579649
944524690122403841
1131904285623672832
1131873206183243776
1129679162581454848
1132026361885986817
1131802179046649856
1118399403847348224
1131722273470050304
1130822544557322240
1130822762916790273
1127536721506082816
1126621325903024128
1129961006568955904
1130086381022318592
1130243538535366659
1129699489319596032
1130370506173980672
1128068803814805505
1094080757495226368
1129689865753419776
1129883921754144768
1128794643338997760
1129737144367554560
1129686341669666816
1129523814490992640
1129666933127704576
1129899359301193729
1129493887783964672
1129680546324287488
1129667955820597249
1129658091073441792
1129659780245573634
1129680556742983680
1129718397372063745
1129654187938050049
1129669223393849344
1129737395233087488
1129707093492023296
1129756853754355712
1129738265182068736
1129660164741537792
1129667159439732738
1129680848255479808
1129703073658466304
1129705877831790592
1129682797860347904
1129661366367731712
1128974752222130177
1129156900581330944
1129664029524353025
1129662154376851456
1128617891778027520
1129243446802243584
1049322084852269057
1128949394835791872
1115151288101163009
1127531552521330689
1127708537742811136
1127888467814273025
1127463117691052033
1108820839980548096
1127343382555009024
1127433396324462594
1127488270005260288
1120255034464145408
1127167004845137921
1126988677589000193
1127435855541309440
1127482788414758913
1127491896152969216
1127464595667316738
1127470758031003655
1127464484518240261
1127440104853610496
1127469522741415936
1127437573746450434
1127434907590856704
1127443597861593088
1126283989319176193
1127435345472000001
1127433442537271297
1127287820719206400
1117457243237228544
1127202173543165955
1126903776013504512
1126940693430194179
1125897630561628161
1126892143765872640
1125504464243314689
1126802712434110464
1127061291963691010
1124627101997342725
1126952057896701952
1126857959055798272
1126440995803914240
1126261938042728449
1125398218202808321
1126617585145925633
1126518273757966339
1126459112580112387
1126522318908473344
1126078183625723904
1126137029069279232
1125534159697375233
1124619431987040256
1125419050920763394
1125171186088853504
1125712039551406081
1125477648916987905
1124990576540000256
1125335477710729218
1124446909886631936
1124814568025276416
477224496621821952
1074710705406906373
1124817356880900096
1124080625642819584
1124266068543922176
1123000602395414528
1123543783126077440
1123722438884372482
1123357480342343680
1123248912209301504
1123487000806531072
1123041773352128514
1122811430548303872
1084402939312070661
1090032632191021056
1090200669317849088
1090567893647904768
507131121159503872
1122938251101261824
1123041892122361862
1122922595001802752
1121603854850609152
1122067134765355008
1121635445928943618
1121700574318166017
1121593650331496448
1121686231174107136
1121612362170159104
1121414834908794881
1121004091419832321
1121276539406934018
1120498017512116224
1120840543108501504
1120935110612791297
1120673996884905987
1120829999123238913
1120804538863292416
502423051753889792
1120483137295982593
1120263832251842561
1120035586545467395
1119795227059834881
1118512336182992897
1119484591222341632
1119506780328026112
1118620181801127937
1119026874385162240
1118956925775949824
1118922930082205697
1114372376332914688
1111489804892463105
1117384859717185536
1117630008166498304
1118394903493521408
1075044612455231495
982268826103369736
1117587389554229253
1117769647506509824
1109017992396853248
1116712377486061573
1116588005127532544
1113978239918182410
1078966759334600705
1116001658436300800
1116056129660903425
1113803410149531648
832008777859633152
1115381521341460480
1114452784609411072
1113861896904609798
1114570014739156992
780544760662470656
1107182829178363905
1089295069151059968
1113718104763146240
1114095444077023232
997477330871185409
1077711920692527104
613429463116689408
974656985550544896
1112565562050252804
1112671249241640960
1111417347762319367
1111132977210318848
1052150869054107648
1112066359842598912
1111231525792563200
1111455718752878592
563669567549870080
1110854727628132352
1110879358430953473
1101260122125266945
1110347877652414465
1109119177506213888
1108387379881132032
1110222575731245059
1109479135989170176
1110112508218667008
1109508127098105856
1109457054287233024
1109727298117210112
1109539375631740929
1109710084865708032
1109497944728879104
1109390531388493825
1107956902208503808
1109365127344766978
1109442890378428416
1109154656276660227
1109262356951883784
1108864066771025920
1109107160926040066
1109344663499145216
1109082019563094017
1109052375275323392
1106533004011278336
1107688339400876032
1108541972946538496
1108508298716704768
1108821836714950657
1108680588918177794
1108694864353525760
1108667632058798082
1107972306532335616
1107789190140444672
1108017894967762944
1106516252221231104
1107476727645827072
1107094531168718848
1107044673493753856
520728747310198785
1106331100979388421
1104285255685623808
1106156262503473154
1106485075481227265
1105259866589933570
1105419426499719171
1105106159256637440
1104675780993392640
1103477623122944002
1104150492907679745
1103773568222015488
1102058350685020160
1103166328150593536
1103359631353671686
1103336404090798081
1103321998497931265
1098720592612667393
1098756056451170304
1098899023149228032
1099079726579122176
1099251710063595520
1099621391052169217
1099805069233418240
1101435558356635648
1099567759426506753
1102454447844679681
1100003146166882307
1101708715458093056
1100861902354296833
1101160597482160128
1100689143305261056
954894230643728384
1100485655618965504
1099837901750161408
1100123271477903360
1099698436872388608
1088025723204325377
1099325389602721792
1098130131850326017
1098673716295282689
1098608917360373762
1098392536123625472
1090754312471334912
1098235971743764480
927132451779919873
1098142332501794821
1097797438256148480
1097514376314085377
1097521633181532160
945851807657537537
1096925861956116481
1096026855944134658
1096037073193189376
1086934499441598465
1095954060182581250
1095796876773863425
1095699515120799747
1095588039236169728
1079150552250896384
1094886644421844992
1094773843514732546
1077886756425367554
1094480542798626818
1088574218831187968
791599206494375936
976525013263110144
1093746932822888448
1093291845235269632
926131773909753856
1093505103108157446
1093123061312741381
1091245305960509442
1091308648855412736
1092061163599335425
1092407048992481286
1072998788493729792
1091767143098667014
1092166761212981249
1092200878789013504
1091819062945038336
1089474643017101312
1090926844784922624
1086885062036078597
1089834953087451136
1090918839494144000
1086402116195733504
1090708020269469696
1082606105736339457
1089663150721359872
1089706517438316545
1089976881598906369
1090176407127367681
1089786453071151106
1089878479473041408
1084583935386873856
1088596825181954050
1090021743752814592
1078589948440268800
1088749402850701312
1089829232769822721
1089851887405412355
1088937343917031424
1089098672598601730
1089113009950142464
1088221187405012992
1080811899074330625
1086213788250959872
1088851200848478208
1088815491815301121
1088435060955639808
1088052015844884480
1088353151059517440
948522483514265601
1087491608977727488
1069001792204156929
1088054848229122049
1087507657454510082
1087877335007805441
1087301359320231936
1087520093574172673
1087120722630184960
1081327237163438081
1079335914160050176
1087232830751399936
1086710447737315331
1086034077440823296
1086861041013846016
1082764135375355905
1086578997838802944
1083870630859046912
1085968293155033088
1084903811754459139
1085786202509213696
1084769217222606849
1080232406123040769
1085490640480161792
1085717689559969792
1085377350248747009
1084952118333591552
1085411863951802369
1083678977686818816
1082944723474620416
1084766000850055168
1084565779352297479
1084041850460155904
1083500505735675904
1080781228524023808
1083322033511981057
1083795481086648320
1083563219006967809
1083137120468852736
1083137952312549376
1082954081105104898
1082411240423448576
1082411809825480704
1082939197546287105
1082833627178688512
1082050675834404864
1081867130151137280
1082470873402097664
1082227880535289862
1080961358873583616
1081507288332947457
1082095205770117120
1081539746164162561
1030014949987426304
1081741308744454144
1081144908746911744
1080604629849714688
1080553122332844033
1080415440533241857
1080053179427868673
1079513047117357056
1079879063437635584
1078475501818335232
1078605834941169664
1078786807620349954
1076979968263868416
1078429596511420416
1077161697649975297
1078946298047414278
1078066149890260992
1075899883251392512
1077342820791275520
1077883926100828161
1077875678131892224
1077502614013730821
1077719875257196545
1077734883039035392
1077510048581005312
1076793007624450053
1008126883471343616
1011024419957817344
1053605630034960384
1054143013742493696
1058309966124113920
1057054486357663744
1057774657875537920
1072814326526861312
1077469987655233537
1077438551950733318
1076426800077496322
1076612844261502982
1077255379439046662
1076256408654405634
1075710069944156160
1076069955995496453
472695567038951424
1075150949310701568
1069521715611414528
1075521658755170304
1075364880411168770
1075153388009123840
1063740410609176576
1074767470467186688
1074761883956203523
1074629907362316288
1029686757560709120
1074279999153131522
1074263271954210816
1074488437972058112
1074082196468756480
1074253453507981313
1074024680028278784
1074102698667065344
1074072107196137472
1069097797742411776
1072626657981292544
1071763183637946368
1071190303233650689
1071641030498279424
1071285335806472194
888210224015745024
888479948763168769
904430266072125444
1070679422330724358
1069801105020710912
1068293866279903233
1070236373464969216
1070020353215229952
1069992224228864001
1070114305394135041
1069895467322888192
1069183415168028673
1069616386584961030
1069876684931981312
1069866494195060736
1068917238156017665
1069233878613671937
1054277548748746752
1069238321778327552
1069238355731243009
1066997509279678465
1069203821694459905
1068888326327824384
1067830775343710209
1068455077717966848
1068429447550787584
1068128322050277376
1068131233580892160
1047990265082916864
1067518648582057986
1067371132481875968
1067738646198001665
1067145864613904384
1067156950738190336
1065797672643244032
1062740756987809794
1067447962505162752
1067346057305165824
563127402734157825
1066845204865474560
1066975042993557504
1066981781226774528
1066479793816969216
1066696226299473920
1055327914147770369
1063720182693142533
1064768341661732864
1064766690028740608
1063976755289964544
1047442912898834432
552076029431259138
1062759657972883456
1062629552403279872
1062482256479031296
1062091552560988163
1062062463963656192
1062000905653026821
1055056770001887232
1047401242371153920
1061163567834120192
1058851516063264768
1061319215452368896
1061272268783976449
1061162759365189632
1061091073529806848
1060866207438401537
1060946505295675398
1060784173013708801
1060467857484627968
1060151993925332994
1057946220050575365
1059641618527973376
1058257691124985856
1058272446640480256
1059133261690142722
1058411638947082240
1058431383281025025
1058064963909017600
1055236639381905410
1057410647044964352
1057719320950693888
1057682065544695808
1057205807283101696
1056175030768259073
1056684246708994048
1056493953716023301
1055430042027786241
1056056365259513856
1055940881252040704
1055659950188388354
1055872048185061376
1055717201716633600
1055728730239197189
1055537735568637952
1055433547048255488
1054902075014803457
1054995625140469760
1053830746962518016
1054512148041347072
1054485135310106624
1054379376119373826
485209522776969217
1053296670258200576
1054204437101797376
1053664320993837061
1053190996912168960
1049502359028555776
1052258016614117383
970075619839983616
1050883818255671297
1051742256573571072
1051514668496367617
1050894590067265536
1045938781495447552
845236287674220545
1050287627176267776
1049609831005515776
1050648449673117697
1046355386616283136
1050035857074376704
1049586397496139776
1049437657535778816
1047516632384454658
1047626252822052864
1049328839162318848
1046895291306135552
1049093498178174976
1048925308030787584
1048371965860487168
1048290607171481600
1048587508441894913
1047492530009333760
1047586219171962880
1043460729318334464
1046537894423232512
1046787423521427456
1046718836546781184
1046988979898372096
1046987065676746752
1041442608197914624
1046550361249632256
1046176704090128386
1046491216060329984
1046254236143681536
1044763747300986881
1045046382879535106
1044892591769231360
1044873943839068160
1044576041409400832
1040483743281012736
555699550640275458
1042732703030943744
1044006489491480576
1043658226309328897
1043228223411089408
1042456559396311041
972461360205455360
1043055785633308672
1042804903352123392
1041736036802600967
1041458179249459200
1042687920929300480
1042207414659907585
1042340879170764800
1042287391405481984
1042069986855079938
1041960385341878272
1042060726553206784
1041441664462729216
1042013055939432448
1041719303769346048
1041938171737645056
1041657110075985922
1041612177864577026
1041774992650776576
1041750380118388736
1041428759398641664
1041582078234644481
1041688366809579520
1041551085691908098
1041672384460124160
1041619865025564673
1041565248686366720
1041371992778137600
1041446836492484609
1041536752639307777
1041360975901937665
1041532511946305537
1041496973206061056
1041425520729026560
1041469548531277829
1041467072687947776
1041435011537362945
1041420165471186944
1040522309453447169
1039701438824366081
1039914295335825409
1028684119402659840
1040072995409080320
1039847468907814912
1039521444655448064
1039749040148279296
1039488579452522496
1039477932383563776
1037362360824918019
1037534021587099648
1038383678936702976
1038934949242449920
1037864356543750144
1030046742002057216
1038408616712265728
1036508496617979904
1037730632078643200
920190143482380289
919647805777567744
918787222186233856
470686614432137216
919267049880289280
918970302364753925
918816094143389696
918772359586369536
918158620772016129
917744925222985728
917749316571336709
917741665774956545
468162040901541888
917050956373565440
909300015574552577
915988133682073600
915894334334976000
892595842724573185
915588906782994433
915265391919865856
914443174709534721
914363773204484096
467810612559347712
913923855491637248
909393513854521345
905759361305337860
913085766431100930
912723553304408064
913693753600352256
912325835247411200
913417713912967168
913365475022786565
913030176795176960
913029338702008323
913150450811260928
912592396457619456
912769023086964741
911381238841331712
912451678342758401
912776633148420097
912626081529769984
912605220114501632
904301208071897089
912288347804000258
911873018741190656
899779834410287104
911067669092167682
907956290869190657
909432845751513089
910732605825232896
910387078365622275
909998076466565120
909840699125878785
909777963511554050
908215960732971008
909449626956238850
909579528032411650
909443080117477376
909449628503900160
909352289374212096
908372780328083457
909003297599537152
908495609207906304
901694961795653634
908708097253888000
908635861755056128
908640805191143424
904691814170476545
908580692480724992
906103659687268352
908156182761574400
907231199487131648
885875217708400644
907005589963919360
906713937416253440
906036333751091200
906036470401482754
905754778105389057
905448929453637632
905337317614903296
905007682217807873
904918014600065024
905037116337520640
904777685976666112
897745125211877376
904577443318530048
866624857622097922
868137403357294592
903268042179846144
903367216904773635
903965221953437696
903948889363017729
902481008632766464
903613648463126528
903637336377917440
885742808887287808
902920073924489216
902937485612900354
902910918824222720
902895964733747201
895199410975424514
902661634170036224
880810834276089860
902219596354248704
902074329768357888
901439561775153153
901044191760863232
900193904573722625
898983172372910081
899944441796079616
900529205611339777
897380994101133314
896606403275698181
899737373881253888
863142800816304128
899901042279763969
899479920237203456
899358271655555073
865515921565143040
899103684629495808
873231261065728005
898826893314605056
897890085613576192
898606287809904646
898318074700365824
897933006748495872
898474999018860544
895466487162580992
898383676618285057
898258290575986688
897827116170870784
898017877688811520
897944921029476353
897878139518504960
897852031922208769
897835334674919424
897777292117540864
897700559125401602
897743747454251008
897700321262268417
897738125279207424
897524511230263298
897707322037993473
897706087851466755
888547587414007808
897701825540915201
897700583062294528
897699963894988801
897573696273096706
897395194613702656
887976719772241920
895086362520461312
897004919126982656
896314083930066944
896280162219765760
895607242770325504
895870816939790336
895951956346368000
895887526950457345
895869327898955776
895472563899559936
895491897124245504
895275279979094016
895325102480384000
895239623659618310
895345169448529921
895124223168925696
895159734197780481
895250988701020162
895099868888354817
895276611267829760
895094740743475200
895272763568599040
895142082737836032
895242824085626881
895096614242533377
895094798108852224
895116905379266560
895160321966563328
895140327194992640
895080606857662464
895126526399619072
895094593737371648
894952253529899008
894894805066539008
894728739036160000
894714594211573760
894053534387154944
893819911709097988
893520709246345217
893387426990784512
893472624793329666
889812375993552897
893108035274592256
892532762711908352
892399732810821632
892399264814567424
891076533732777984
891713906632151040
889437473788637184
889437851208777728
888833548714729472
890423850911109120
889923653026099205
890023135835193344
889792113449349121
889698194489266176
886912240565211136
887704889400279040
888560999409696771
888916571279822849
889076443472384000
886109310220091392
888579421635960832
887077071540953089
888369264809443330
888379944740540417
888507323093745664
888314857354915840
888163766336188416
888406608686010368
888360912037572609
888370374722899969
888096617794068481
888074807149047808
888120208103059456
888060337446150148
888039270350561280
888066206091141121
888047322701193216
888045312652320769
888045913578590209
888039136606773248
887531208313380864
887162155878961152
887750733172551686
887565315030364160
887162154947723264
887470138831675392
887426498776510464
884526164311777281
885641086907162625
886946681635340288
867664639500455937
886717078429995009
886426953300955136
885872772639072256
886505294657990657
886427453085827076
886445288394809344
886427613618741249
886095566907768832
884811432675684352
886075628323090433
884524368105230336
885455859643424768
885992262022438912
885598536066363392
885976916536295425
885969018686906368
885901728352268292
885749477947998210
885876554106122241
885749491864788995
885454800753750016
885574749694418944
885377283703177216
885521712372080640
885428789181808640
885476416598487040
885377278368141312
885426127975596032
866846756159541248
885377285309595648
884987465748160512
881556345727574017
884988716481204228
884291470349488128
884623292908351489
883947547915628544
884442107204820992
753657950967767040
884336695067394048
883988454706565120
883683540134748160
883725663508856836
883115549416460289
882910536563802113
883353130452242432
882926154407178240
882911277194108928
882629096320008192
882047036601679872
857185780875309060
881785874538745857
881838546960568321
881819121696083968
778671054806024193
733096537132306432
881616889025351682
597347255029465088
881627634999754752
881570492532109312
880118599087669248
865701765206781952
880273565152661505
880309361628901376
880063406736363520
879841640814231554
875315008254599168
876776241180880900
877134603261284353
879742410473046016
879020438579314688
879016169637806081
878772232754999297
878830535774265344
878560803368120320
878214824186056704
878343768910422016
878175240798523392
876040508631633920
876800380679729152
874594319117697024
877001753492959232
876672125947572224
876562944510668800
876019415833169920
875129182384144384
872691805581713408
875748220764393472
874767590333206529
874689239748890624
874948488257126402
874891396590776321
873864030074454018
873110090714275840
874226293360939008
874701833935233024
874189260966047745
874300549956591620
872363161554481152
873690431833374721
873692851951067136
873721469481738240
873238404137443330
872727749500207104
862986507983900672
866793185560805376
872914880986271745
862808578029047808
872309936604229632
871606463688351744
867338550278094849
872196409251975168
872122435868528640
871713866006368256
871407454327721988
871690841504468993
871639066768539648
871204360725843969
871226129008308225
870657134098362369
870822859962171393
870437311678468096
867693247933673473
869327155506761728
869856245276004352
870140804714688512
870166999279775744
869968130306658307
869712945340719104
869780563019743232
869523631788961792
867164095165865984
869600560361738240
869031813318144000
868074199394529283
868175227905355776
868216260877746177
868447573895512064
868023223635542016
865488314773590016
866595714674999296
867894481101537280
867760481162993665
868041764560654336
865650529770160130
867309679516557314
867305935655636992
866405771646558210
866924634947469314
866932989749592065
864497588917215232
866957620250386434
867211731084296192
866912256533053440
865238866738991106
867024135012200450
866994266752638977
866868537406627840
866876493305196544
866546461139492864
866608396040118272
866324995315826689
866565735862026240
865522904401821700
865879531923447808
866065189807849472
863926509106601986
837055476907008000
866043391821438976
865727303468318720
865714389260914688
864637378509643776
865698621265784833
865090339551531008
865626340736630786
865541520237117440
865090358895443968
865365453811712000
865361009275318272
865186009075642369
864997920856195073
864876783484710912
863047113885614082
863847418521059328
863726870872850432
864889377771708420
864914088886808576
864032604994940928
864519934478610432
864769964452040704
864691961973719040
864168310207897600
864104559869804544
864577892637921280
862880085283676160
864359777941413892
862899883459706880
864412610933817345
863930699111202816
862588172961808385
864055964638556160
864329840635162624
863861849854488576
863981162053509120
864007335047569408
864167495065755649
864077079142379520
863919889370587137
864091452242108416
864089315625902085
864201216338690048
864207531798933504
864143729715814407
864084429030948864
864057845804916737
864147633341968384
